f 1m 1f 2m 2f 3m 3f 4m 4f jL2m jL2f jL4m jL4f jVINm jVINf 
0.5 0.457009 -88.4519 0.297287 -1.05621 1 0 0.336182 -47.7912 0.866007 163.664 0.675935 134.228 0.702784 -179.553
0.507123 0.458518 -89.8471 0.300599 -0.101445 1 0 0.334961 -48.0009 0.874448 162.889 0.684339 133.237 0.699402 -179.956
0.514348 0.460135 -91.2857 0.304439 0.826185 1 0 0.333844 -48.2025 0.883016 162.08 0.693126 132.202 0.695607 179.638
0.521675 0.461859 -92.7703 0.308826 1.71777 1 0 0.332844 -48.3963 0.891693 161.238 0.702307 131.123 0.691375 179.233
0.529107 0.463689 -94.3038 0.31378 2.56418 1 0 0.331973 -48.5826 0.90046 160.36 0.711894 129.994 0.686678 178.829
0.536645 0.465624 -95.889 0.319315 3.35614 1 0 0.331243 -48.762 0.909294 159.444 0.721896 128.814 0.681489 178.428
0.544291 0.467658 -97.5291 0.325445 4.0844 1 0 0.33067 -48.9351 0.918166 158.489 0.732321 127.579 0.67578 178.034
0.552045 0.469786 -99.2273 0.332176 4.73985 1 0 0.330267 -49.103 0.927039 157.493 0.743176 126.286 0.669523 177.65
0.559909 0.472001 -100.987 0.339514 5.31358 1 0 0.330051 -49.2668 0.935872 156.454 0.754463 124.932 0.662692 177.281
0.567886 0.474293 -102.812 0.347457 5.79705 1 0 0.330041 -49.4283 0.944614 155.371 0.76618 123.512 0.655261 176.93
0.575976 0.476648 -104.706 0.355999 6.18214 1 0 0.330255 -49.5894 0.953207 154.241 0.778324 122.022 0.647208 176.604
0.584182 0.479051 -106.672 0.365126 6.46124 1 0 0.330713 -49.7525 0.96158 153.064 0.790883 120.46 0.638517 176.311
0.592504 0.481482 -108.715 0.374818 6.62735 1 0 0.331436 -49.9206 0.969654 151.838 0.80384 118.821 0.629176 176.058
0.600946 0.483917 -110.839 0.385044 6.67409 1 0 0.332445 -50.0971 0.977336 150.563 0.81717 117.101 0.619184 175.855
0.609507 0.486329 -113.047 0.395767 6.59584 1 0 0.333762 -50.286 0.98452 149.237 0.830842 115.296 0.608553 175.716
0.61819 0.488684 -115.343 0.406935 6.38774 1 0 0.33541 -50.4919 0.991089 147.861 0.844811 113.402 0.59731 175.653
0.626997 0.490946 -117.731 0.418485 6.04578 1 0 0.337411 -50.7201 0.996908 146.435 0.859025 111.415 0.585504 175.683
0.63593 0.49307 -120.214 0.430342 5.56691 1 0 0.339786 -50.9764 1.00183 144.962 0.873418 109.333 0.573209 175.823
0.644989 0.49501 -122.795 0.442415 4.94908 1 0 0.342554 -51.2671 1.0057 143.444 0.887913 107.151 0.560536 176.096
0.654178 0.496712 -125.477 0.454596 4.1914 1 0 0.345735 -51.599 1.00835 141.886 0.90242 104.868 0.547629 176.522
0.663498 0.49812 -128.261 0.466762 3.29423 1 0 0.349343 -51.9795 1.00959 140.293 0.916837 102.482 0.534683 177.125
0.67295 0.499177 -131.149 0.478773 2.25932 1 0 0.353391 -52.4157 1.00926 138.673 0.931052 99.9911 0.521941 177.928
0.682537 0.49982 -134.139 0.490474 1.08996 1 0 0.357889 -52.9151 1.00717 137.037 0.944945 97.3956 0.5097 178.951
0.692261 0.499994 -137.233 0.501695 -0.208875 1 -0 0.362843 -53.4849 1.00316 135.398 0.958392 94.6963 0.498312 -179.79
0.702123 0.499642 -140.427 0.512253 -1.63043 1 -0 0.368254 -54.1319 0.997089 133.772 0.971268 91.8952 0.488172 -178.289
0.712126 0.49872 -143.718 0.521959 -3.16601 1 -0 0.374126 -54.8621 0.988854 132.18 0.98346 88.9955 0.479705 -176.555
0.722271 0.49719 -147.102 0.530616 -4.80494 1 -0 0.380458 -55.6811 0.978398 130.646 0.994864 86.0012 0.47334 -174.612
0.732561 0.495034 -150.574 0.538033 -6.53451 1 -0 0.387253 -56.5932 0.965729 129.198 1.00541 82.9176 0.469472 -172.506
0.742997 0.492249 -154.128 0.544022 -8.33994 1 -0 0.394517 -57.6022 0.950942 127.87 1.01504 79.7505 0.468425 -170.302
0.753582 0.488858 -157.757 0.548409 -10.2044 1 -0 0.402267 -58.7108 0.934234 126.702 1.02378 76.5064 0.470408 -168.081
0.764318 0.484906 -161.455 0.551039 -12.1092 1 -0 0.410532 -59.9217 0.91593 125.74 1.03166 73.1915 0.475487 -165.93
0.775207 0.480469 -165.217 0.551778 -14.0335 1 -0 0.419359 -61.237 0.896507 125.033 1.03882 69.8114 0.48357 -163.937
0.786251 0.47565 -169.038 0.550516 -15.9544 1 -0 0.42882 -62.6597 0.876627 124.637 1.04544 66.3703 0.494416 -162.178
0.797452 0.470581 -172.916 0.547169 -17.8464 1 -0 0.43902 -64.194 0.857176 124.61 1.05178 62.8702 0.507655 -160.712
0.808813 0.465425 -176.852 0.541676 -19.6809 1 -0 0.4501 -65.8466 0.839311 125.012 1.05821 59.3097 0.522826 -159.579
0.820335 0.460373 179.147 0.533998 -21.4248 1 -0 0.462254 -67.6275 0.824526 125.891 1.06517 55.683 0.539407 -158.8
0.832022 0.455649 175.07 0.524111 -23.0386 1 -0 0.475733 -69.552 0.81472 127.281 1.07321 51.9779 0.556843 -158.386
0.843875 0.451507 170.897 0.512013 -24.4719 1 -0 0.490867 -71.6427 0.812276 129.178 1.083 48.1743 0.574565 -158.337
0.855898 0.448236 166.596 0.497722 -25.6583 1 -0 0.508076 -73.9321 0.820129 131.521 1.09534 44.2411 0.591981 -158.65
0.868091 0.446166 162.122 0.481303 -26.5047 1 -0 0.527903 -76.4669 0.84182 134.174 1.1112 40.1323 0.608456 -159.328
0.880458 0.445673 157.409 0.462927 -26.8757 1 -0 0.551037 -79.3135 0.881537 136.912 1.13175 35.7815 0.623257 -160.381
0.893002 0.44718 152.359 0.443015 -26.5686 1 -0 0.578344 -82.567 0.944167 139.425 1.15835 31.093 0.635451 -161.831
0.905724 0.451146 146.837 0.42255 -25.2806 1 -0 0.610882 -86.3644 1.03543 141.342 1.1926 25.9288 0.643728 -163.721
0.918627 0.458003 140.641 0.403766 -22.588 1 -0 0.649849 -90.9044 1.16207 142.248 1.23614 20.0886 0.646096 -166.111
0.931714 0.467972 133.48 0.391459 -18.029 1 -0 0.696319 -96.4762 1.33185 141.697 1.29019 13.2816 0.639346 -169.076
0.944988 0.480565 124.939 0.394829 -11.551 1 -0 0.750414 -103.494 1.55227 139.184 1.35405 5.09158 0.618243 -172.653
0.95845 0.493395 114.46 0.427585 -4.49883 1 -0 0.809099 -112.513 1.82543 134.124 1.42154 -5.03893 0.574712 -176.654
0.972105 0.499999 101.437 0.500816 0.0188843 1 -0 0.861621 -124.136 2.13367 125.931 1.47385 -17.7158 0.499184 179.981
0.985954 0.488192 85.6163 0.607763 -0.778417 1 -0 0.884601 -138.616 2.41592 114.393 1.47313 -33.1927 0.39238 -178.794
1 0.445625 67.8446 0.715144 -6.86762 1 -0 0.849571 -155.103 2.56864 100.415 1.37737 -50.6235 0.302333 -163.57
1.01425 0.374821 50.2466 0.783533 -15.6692 1 -0 0.752285 -171.469 2.5263 86.1808 1.18743 -67.8832 0.324184 -139.249
1.0287 0.2951 34.8785 0.802325 -24.3748 1 -0 0.623897 174.343 2.33461 73.8027 0.958829 -82.9156 0.426739 -129.11
1.04335 0.223951 22.4759 0.787876 -31.6212 1 -0 0.499042 163.071 2.08816 64.0677 0.746815 -94.9852 0.528152 -128.544
1.05821 0.167502 12.732 0.758796 -37.2718 1 -0 0.393649 154.412 1.8495 56.7134 0.573704 -104.399 0.606725 -130.766
1.07329 0.124826 5.03454 0.725884 -41.6387 1 -0 0.309573 147.755 1.64147 51.1663 0.439451 -111.769 0.664778 -133.489
1.08858 0.0929944 -1.16554 0.6938 -45.0682 1 -0 0.243539 142.554 1.46669 46.91 0.336788 -117.644 0.708057 -136.077
1.10409 0.0692183 -6.27581 0.664137 -47.8286 1 -0 0.191548 138.402 1.32101 43.5649 0.258098 -122.432 0.741175 -138.386
1.11982 0.0513357 -10.582 0.637203 -50.1082 1 -0 0.150221 135.016 1.19904 40.8687 0.197262 -126.419 0.767269 -140.417
1.13577 0.0377769 -14.2828 0.612839 -52.0359 1 -0 0.116983 132.199 1.09599 38.6426 0.149738 -129.803 0.7884 -142.205
1.15195 0.0274211 -17.5173 0.590744 -53.6998 1 0 0.0899335 129.815 1.00799 36.7644 0.112232 -132.724 0.805927 -143.79
1.16836 0.019466 -20.3849 0.570605 -55.1612 1 0 0.0676759 127.764 0.932012 35.1489 0.0823591 -135.281 0.820763 -145.208
1.18501 0.0133319 -22.9582 0.552143 -56.4637 1 0 0.049179 125.977 0.865759 33.7359 0.0583766 -137.546 0.833536 -146.486
1.20189 0.00859426 -25.2909 0.535117 -57.6388 1 0 0.0336725 124.402 0.807445 32.482 0.0389955 -139.573 0.84469 -147.648
1.21901 0.00493821 -27.4237 0.51933 -58.7095 1 0 0.0205732 122.998 0.755686 31.3555 0.0232499 -141.404 0.854545 -148.713
1.23638 0.00212697 -29.388 0.504615 -59.6936 1 0 0.00943383 121.736 0.709401 30.3327 0.0104061 -143.069 0.863339 -149.694
1.25399 1.96292e-05 148.791 0.490838 -60.6043 1 0 9.28125e-05 -59.4076 0.667732 29.3955 9.99515e-05 35.4074 0.871251 -150.604
1.27186 0.00164022 147.095 0.477886 -61.4522 1 0 0.0082799 -60.4509 0.629995 28.5301 0.00870743 34.0048 0.878419 -151.453
1.28998 0.00284256 145.507 0.465664 -62.2457 1 0 0.0153447 -61.4088 0.595636 27.7258 0.0157618 32.7077 0.884953 -152.247
1.30836 0.00371116 144.014 0.454094 -62.9914 1 0 0.0214617 -62.293 0.564203 26.9739 0.0215374 31.503 0.890939 -152.993
1.327 0.00431284 142.606 0.443109 -63.6949 1 0 0.0267728 -63.1134 0.535325 26.2677 0.0262544 30.38 0.896447 -153.698
1.3459 0.00470081 141.273 0.432652 -64.3608 1 0 0.031394 -63.878 0.50869 25.6014 0.0300907 29.3297 0.901537 -154.364
1.36507 0.00491769 140.008 0.422675 -64.9928 1 0 0.0354212 -64.5933 0.484041 24.9707 0.0331911 28.3445 0.906255 -154.996
1.38452 0.00499783 138.805 0.413136 -65.5942 1 0 0.0389343 -65.2651 0.461157 24.3716 0.0356744 27.418 0.910642 -155.598
1.40425 0.00496903 137.658 0.403999 -66.1678 1 0 0.0420002 -65.898 0.439851 23.8009 0.0376387 26.5445 0.914732 -156.172
1.42425 0.00485387 136.562 0.395231 -66.7159 1 0 0.0446753 -66.4961 0.419964 23.2561 0.0391652 25.7193 0.918556 -156.72
1.44454 0.00467076 135.513 0.386805 -67.2407 1 0 0.0470077 -67.0629 0.401358 22.7347 0.0403219 24.9382 0.922138 -157.244
1.46512 0.00443475 134.507 0.378695 -67.7439 1 0 0.0490381 -67.6013 0.383911 22.2349 0.0411654 24.1974 0.9255 -157.747
1.48599 0.00415818 133.541 0.37088 -68.2272 1 0 0.0508019 -68.114 0.36752 21.7548 0.0417437 23.4938 0.928662 -158.23
1.50716 0.00385117 132.612 0.36334 -68.692 1 0 0.0523293 -68.6033 0.352093 21.2931 0.0420971 22.8243 0.931641 -158.695
1.52864 0.003522 131.717 0.356058 -69.1396 1 0 0.0536465 -69.0711 0.337548 20.8483 0.0422598 22.1866 0.934451 -159.142
1.55041 0.0031775 130.855 0.349016 -69.5711 1 0 0.0547765 -69.5191 0.323814 20.4193 0.0422608 21.5782 0.937106 -159.573
1.5725 0.00282326 130.022 0.342202 -69.9875 1 0 0.0557392 -69.949 0.310827 20.005 0.0421252 20.9971 0.939618 -159.989
1.5949 0.00246385 129.218 0.335601 -70.3898 1 0 0.0565522 -70.3621 0.29853 19.6046 0.0418739 20.4414 0.941998 -160.391
1.61763 0.00210302 128.441 0.329202 -70.7788 1 0 0.0572308 -70.7596 0.286871 19.2171 0.0415252 19.9095 0.944255 -160.78
1.64067 0.0017438 127.688 0.322994 -71.1553 1 0 0.0577888 -71.1427 0.275805 18.8419 0.0410947 19.3998 0.946398 -161.156
1.66404 0.00138865 126.959 0.316968 -71.52 1 0 0.0582381 -71.5123 0.265291 18.4783 0.0405958 18.9109 0.948434 -161.52
1.68775 0.00103957 126.253 0.311112 -71.8735 1 0 0.0585895 -71.8694 0.25529 18.1255 0.0400401 18.4416 0.950372 -161.874
1.7118 0.000698128 125.567 0.30542 -72.2165 1 0 0.0588525 -72.2146 0.245768 17.7831 0.0394375 17.9906 0.952217 -162.217
1.73618 0.000365565 124.901 0.299884 -72.5494 1 0 0.0590357 -72.5489 0.236695 17.4505 0.0387965 17.5569 0.953976 -162.549
1.76092 4.28455e-05 124.255 0.294495 -72.8727 1 0 0.0591467 -72.8727 0.228042 17.1273 0.0381248 17.1395 0.955653 -162.873
1.786 0.000269304 -56.3741 0.289248 -73.187 1 0 0.0591924 -73.1868 0.219782 16.8129 0.0374286 16.7375 0.957254 -163.187
1.81145 0.000570352 -56.9855 0.284136 -73.4927 1 0 0.0591789 -73.4916 0.211893 16.507 0.0367135 16.35 0.958784 -163.493
1.83725 0.00085993 -57.5806 0.279154 -73.7901 1 0 0.0591117 -73.7877 0.204352 16.2092 0.0359843 15.9763 0.960246 -163.79
1.86343 0.00113781 -58.16 0.274295 -74.0797 1 0 0.058996 -74.0756 0.197138 15.9191 0.0352453 15.6157 0.961644 -164.08
1.88998 0.00140386 -58.7244 0.269555 -74.3618 1 0 0.0588363 -74.3556 0.190234 15.6365 0.0344999 15.2674 0.962983 -164.362
1.9169 0.00165806 -59.2745 0.264929 -74.6367 1 0 0.0586366 -74.6282 0.183622 15.3609 0.0337513 14.9309 0.964265 -164.637
1.94421 0.00190047 -59.8109 0.260412 -74.9047 1 0 0.0584007 -74.8936 0.177286 15.0921 0.0330021 14.6055 0.965494 -164.905
1.97191 0.00213119 -60.3341 0.256 -75.1661 1 0 0.058132 -75.1524 0.171211 14.8299 0.0322546 14.2907 0.966672 -165.167
2 0.0023504 -60.8447 0.25169 -75.4211 1 0 0.0578336 -75.4046 0.165384 14.5739 0.0315109 13.986 0.967802 -165.422
2.02849 0.00255829 -61.3432 0.247478 -75.6701 1 0 0.0575083 -75.6508 0.159791 14.324 0.0307726 13.691 0.968887 -165.672
2.05739 0.00275512 -61.83 0.243359 -75.9133 1 0 0.0571587 -75.891 0.15442 14.0799 0.0300411 13.4051 0.969928 -165.915
2.0867 0.00294114 -62.3056 0.239331 -76.1508 1 0 0.0567871 -76.1256 0.149262 13.8413 0.0293177 13.128 0.970929 -166.153
2.11643 0.00311664 -62.7704 0.23539 -76.3829 1 0 0.0563957 -76.3548 0.144304 13.6082 0.0286034 12.8593 0.971891 -166.385
2.14658 0.00328193 -63.2248 0.231535 -76.6098 1 0 0.0559865 -76.5788 0.139537 13.3803 0.0278991 12.5986 0.972816 -166.613
2.17716 0.00343732 -63.6692 0.22776 -76.8317 1 0 0.0555612 -76.7978 0.134953 13.1574 0.0272055 12.3455 0.973705 -166.835
2.20818 0.00358314 -64.1038 0.224065 -77.0487 1 0 0.0551216 -77.012 0.130542 12.9393 0.0265233 12.0997 0.974561 -167.052
2.23964 0.00371969 -64.5291 0.220447 -77.261 1 0 0.0546692 -77.2216 0.126296 12.726 0.0258527 11.861 0.975385 -167.265
2.27154 0.00384732 -64.9453 0.216902 -77.4688 1 0 0.0542053 -77.4268 0.122208 12.5171 0.0251944 11.629 0.976178 -167.473
2.30391 0.00396635 -65.3528 0.213429 -77.6723 1 0 0.0537313 -77.6276 0.118271 12.3127 0.0245486 11.4034 0.976942 -167.677
2.33673 0.0040771 -65.7518 0.210026 -77.8715 1 0 0.0532483 -77.8243 0.114477 12.1125 0.0239154 11.184 0.977679 -167.876
2.37002 0.00417989 -66.1426 0.206691 -78.0666 1 0 0.0527575 -78.017 0.110821 11.9165 0.0232952 10.9705 0.978388 -168.072
2.40378 0.00427505 -66.5255 0.203421 -78.2577 1 0 0.0522598 -78.2058 0.107296 11.7244 0.0226879 10.7628 0.979073 -168.263
2.43803 0.00436287 -66.9006 0.200214 -78.445 1 0 0.0517562 -78.3909 0.103898 11.5362 0.0220936 10.5605 0.979733 -168.451
2.47276 0.00444367 -67.2683 0.197069 -78.6285 1 0 0.0512475 -78.5723 0.100619 11.3517 0.0215124 10.3635 0.980369 -168.634
2.50799 0.00451775 -67.6287 0.193985 -78.8084 1 0 0.0507345 -78.7502 0.0974565 11.1709 0.0209441 10.1715 0.980984 -168.815
2.54372 0.00458539 -67.9821 0.190958 -78.9849 1 0 0.050218 -78.9248 0.0944041 10.9937 0.0203889 9.98447 0.981577 -168.991
2.57996 0.00464687 -68.3287 0.187989 -79.1579 1 0 0.0496987 -79.0959 0.0914577 10.8199 0.0198465 9.80212 0.982149 -169.165
2.61671 0.00470248 -68.6686 0.185075 -79.3276 1 0 0.0491771 -79.2639 0.0886129 10.6494 0.0193168 9.6243 0.982702 -169.335
2.65399 0.00475247 -69.002 0.182214 -79.494 1 0 0.0486539 -79.4288 0.0858657 10.4822 0.0187998 9.45084 0.983236 -169.501
2.6918 0.0047971 -69.3292 0.179406 -79.6574 1 0 0.0481295 -79.5906 0.0832121 10.3182 0.0182952 9.28161 0.983752 -169.665
2.73015 0.00483662 -69.6502 0.176649 -79.8176 1 0 0.0476045 -79.7495 0.0806484 10.1572 0.0178029 9.11643 0.98425 -169.825
2.76904 0.00487128 -69.9653 0.173942 -79.975 1 0 0.0470793 -79.9055 0.078171 9.99925 0.0173228 8.95519 0.984732 -169.983
2.80849 0.0049013 -70.2746 0.171283 -80.1294 1 0 0.0465543 -80.0587 0.0757767 9.8442 0.0168546 8.79773 0.985197 -170.138
2.8485 0.00492691 -70.5783 0.168672 -80.281 1 0 0.04603 -80.2092 0.0734622 9.692 0.0163981 8.64394 0.985648 -170.289
2.88908 0.00494832 -70.8765 0.166107 -80.4299 1 0 0.0455067 -80.357 0.0712244 9.54258 0.0159531 8.49369 0.986083 -170.438
2.93024 0.00496574 -71.1693 0.163587 -80.5761 1 0 0.0449847 -80.5022 0.0690605 9.39586 0.0155195 8.34686 0.986504 -170.585
2.97199 0.00497938 -71.4568 0.16111 -80.7197 1 0 0.0444643 -80.6449 0.0669676 9.25177 0.0150969 8.20335 0.986911 -170.729
3.01433 0.00498942 -71.7393 0.158677 -80.8608 1 0 0.0439458 -80.7852 0.0649431 9.11026 0.0146853 8.06305 0.987305 -170.87
3.05727 0.00499605 -72.0168 0.156286 -80.9994 1 0 0.0434294 -80.923 0.0629844 8.97126 0.0142842 7.92585 0.987687 -171.009
3.10083 0.00499944 -72.2894 0.153935 -81.1355 1 0 0.0429155 -81.0585 0.0610892 8.8347 0.0138937 7.79165 0.988056 -171.145
3.145 0.00499978 -72.5573 0.151625 -81.2693 1 0 0.0424042 -81.1917 0.0592552 8.70054 0.0135133 7.66037 0.988413 -171.279
3.18981 0.00499721 -72.8206 0.149354 -81.4008 1 0 0.0418957 -81.3227 0.05748 8.56872 0.0131429 7.53192 0.988759 -171.411
3.23525 0.00499189 -73.0793 0.147121 -81.5301 1 0 0.0413902 -81.4515 0.0557616 8.43917 0.0127823 7.4062 0.989093 -171.54
3.28134 0.00498399 -73.3336 0.144926 -81.6571 1 0 0.0408879 -81.5781 0.054098 8.31186 0.0124312 7.28314 0.989417 -171.667
3.32809 0.00497363 -73.5836 0.142767 -81.782 1 0 0.0403889 -81.7027 0.0524871 8.18672 0.0120895 7.16265 0.989731 -171.792
3.3755 0.00496096 -73.8294 0.140644 -81.9048 1 0 0.0398934 -81.8252 0.0509272 8.06372 0.0117568 7.04467 0.990035 -171.915
3.42359 0.00494611 -74.071 0.138556 -82.0255 1 0 0.0394015 -81.9457 0.0494165 7.9428 0.011433 6.92911 0.99033 -172.036
3.47236 0.00492921 -74.3086 0.136502 -82.1442 1 0 0.0389133 -82.0642 0.0479532 7.82391 0.0111179 6.81592 0.990615 -172.154
3.52183 0.00491037 -74.5422 0.134482 -82.2609 1 0 0.038429 -82.1809 0.0465357 7.70702 0.0108113 6.70501 0.990892 -172.271
3.57201 0.00488972 -74.772 0.132495 -82.3757 1 0 0.0379486 -82.2956 0.0451624 7.59208 0.0105129 6.59633 0.991159 -172.386
3.62289 0.00486736 -74.998 0.130541 -82.4887 1 0 0.0374721 -82.4085 0.0438318 7.47905 0.0102226 6.48982 0.991419 -172.499
3.67451 0.00484339 -75.2202 0.128618 -82.5997 1 0 0.0369998 -82.5196 0.0425425 7.36789 0.00994013 6.38542 0.991671 -172.61
3.72686 0.00481793 -75.4388 0.126726 -82.709 1 0 0.0365316 -82.6289 0.041293 7.25856 0.00966531 6.28306 0.991914 -172.72
3.77995 0.00479106 -75.6539 0.124864 -82.8165 1 0 0.0360677 -82.7365 0.040082 7.15101 0.00939794 6.18269 0.992151 -172.827
3.8338 0.00476288 -75.8655 0.123032 -82.9223 1 0 0.035608 -82.8424 0.0389082 7.04523 0.00913784 6.08427 0.99238 -172.933
3.88842 0.00473347 -76.0736 0.121229 -83.0263 1 0 0.0351526 -82.9466 0.0377704 6.94116 0.00888483 5.98773 0.992602 -173.037
3.94381 0.00470293 -76.2784 0.119455 -83.1287 1 0 0.0347016 -83.0492 0.0366674 6.83878 0.00863871 5.89304 0.992817 -173.139
4 0.00467132 -76.48 0.117708 -83.2294 1 0 0.034255 -83.1502 0.035598 6.73805 0.00839931 5.80013 0.993026 -173.24
