f 1m 1f 2m 2f 3m 3f 4m 4f 5m 5f 6m 6f 7m 7f 8m 8f 9m 9f 10m 10f jL0400m jL0400f jL0600m jL0600f jL0809m jL0809f jV0300m jV0300f jV0500m jV0500f jV1000m jV1000f 
0.01 1 45 0.998032 -3.59527 1 0 0.0627082 176.405 1 90 0.00396348 179.91 0.0042657 158.213 63.6698 -44.1001 63.4185 -44.0965 1 0 0.249508 86.4047 0.0157702 89.9096 1 -135 0.015677 -93.5953 0.249508 -93.5953 0.0157702 -90.0904
0.0102353 1 45 0.997938 -3.67964 1 0 0.0641778 176.32 1 90 0.00415299 179.907 0.00445575 158.664 62.2064 -44.0789 61.9492 -44.0751 1 0 0.249485 86.3204 0.0161443 89.9075 1 -135 0.0160444 -93.6796 0.249485 -93.6796 0.0161443 -90.0925
0.0104762 1 45 0.997841 -3.76598 1 0 0.0656815 176.234 1 90 0.0043516 179.905 0.00465489 159.108 60.7767 -44.0572 60.5134 -44.0531 1 0 0.24946 86.234 0.0165275 89.9053 1 -135 0.0164204 -93.766 0.24946 -93.766 0.0165275 -90.0947
0.0107227 1 45 0.997738 -3.85434 1 0 0.0672202 176.146 1 90 0.00455975 179.903 0.00486355 159.545 59.3798 -44.0351 59.1103 -44.0307 1 0 0.249435 86.1457 0.0169199 89.9031 1 -135 0.016805 -93.8543 0.249435 -93.8543 0.0169199 -90.0969
0.010975 1 45 0.997631 -3.94475 1 0 0.0687945 176.055 1 90 0.0047779 179.901 0.0050822 159.973 58.015 -44.0123 57.7393 -44.0076 1 0 0.249408 86.0552 0.0173218 89.9008 1 -135 0.0171986 -93.9448 0.249408 -93.9448 0.0173218 -90.0992
0.0112332 1 45 0.997518 -4.03727 1 0 0.0704054 175.963 1 90 0.00500654 179.898 0.00531133 160.394 56.6817 -43.9891 56.3994 -43.9841 1 0 0.24938 85.9627 0.0177334 89.8984 1 -135 0.0176013 -94.0373 0.24938 -94.0373 0.0177334 -90.1016
0.0114976 1 45 0.997401 -4.13195 1 0 0.0720536 175.868 1 90 0.00524618 179.896 0.00555144 160.807 55.379 -43.9653 55.0901 -43.9599 1 0 0.24935 85.8681 0.0181551 89.896 1 -135 0.0180134 -94.1319 0.24935 -94.1319 0.0181551 -90.104
0.0117681 1 45 0.997278 -4.22883 1 0 0.07374 175.771 1 90 0.00549736 179.894 0.00580308 161.213 54.1062 -43.941 53.8105 -43.9352 1 0 0.249319 85.7712 0.0185869 89.8935 1 -135 0.018435 -94.2288 0.249319 -94.2288 0.0185869 -90.1065
0.012045 1 45 0.997148 -4.32796 1 0 0.0754654 175.672 1 90 0.00576063 179.891 0.00606679 161.611 52.8628 -43.9161 52.5601 -43.9098 1 0 0.249287 85.672 0.0190293 89.891 1 -135 0.0188663 -94.328 0.249287 -94.328 0.0190293 -90.109
0.0123285 1 45 0.997013 -4.4294 1 0 0.0772307 175.571 1 90 0.00603658 179.888 0.00634318 162.001 51.6479 -43.8906 51.3381 -43.8839 1 0 0.249253 85.5706 0.0194824 89.8884 1 -135 0.0193077 -94.4294 0.249253 -94.4294 0.0194824 -90.1116
0.0126186 1 45 0.996872 -4.5332 1 0 0.0790368 175.467 1 90 0.00632583 179.886 0.00663286 162.385 50.4609 -43.8645 50.1439 -43.8573 1 0 0.249218 85.4668 0.0199465 89.8857 1 -135 0.0197592 -94.5332 0.249218 -94.5332 0.0199465 -90.1143
0.0129155 1 45 0.996723 -4.63941 1 0 0.0808846 175.361 1 90 0.00662904 179.883 0.00693648 162.761 49.3013 -43.8378 48.9768 -43.8301 1 0 0.249181 85.3606 0.0204221 89.883 1 -135 0.0202211 -94.6394 0.249181 -94.6394 0.0204221 -90.117
0.0132194 1 45 0.996568 -4.74809 1 0 0.082775 175.252 1 90 0.00694688 179.88 0.00725473 163.129 48.1683 -43.8104 47.8362 -43.8022 1 0 0.249142 85.2519 0.0209092 89.8802 1 -135 0.0206937 -94.7481 0.249142 -94.7481 0.0209092 -90.1198
0.0135305 1 45 0.996406 -4.85929 1 0 0.0847089 175.141 1 90 0.00728006 179.877 0.00758831 163.49 47.0614 -43.7824 46.7214 -43.7736 1 0 0.249101 85.1407 0.0214083 89.8773 1 -135 0.0211772 -94.8593 0.249101 -94.8593 0.0214083 -90.1227
0.0138489 1 45 0.996236 -4.97306 1 0 0.0866874 175.027 1 90 0.00762935 179.874 0.007938 163.845 45.98 -43.7538 45.632 -43.7443 1 0 0.249059 85.0269 0.0219197 89.8744 1 -135 0.0216719 -94.9731 0.249059 -94.9731 0.0219197 -90.1256
0.0141747 1 45 0.996057 -5.08948 1 0 0.0887114 174.911 1 90 0.00799554 179.871 0.00830456 164.192 44.9234 -43.7245 44.5672 -43.7143 1 0 0.249014 84.9105 0.0224436 89.8714 1 -135 0.0221778 -95.0895 0.249014 -95.0895 0.0224436 -90.1286
0.0145083 1 45 0.995871 -5.20859 1 0 0.0907819 174.791 1 90 0.00837944 179.868 0.00868884 164.532 43.8911 -43.6945 43.5266 -43.6835 1 0 0.248968 84.7914 0.0229805 89.8683 1 -135 0.0226955 -95.2086 0.248968 -95.2086 0.0229805 -90.1317
0.0148497 1 45 0.995675 -5.33045 1 0 0.0928998 174.67 1 90 0.00878193 179.865 0.00909171 164.865 42.8826 -43.6638 42.5095 -43.652 1 0 0.248919 84.6695 0.0235306 89.8652 1 -135 0.023225 -95.3305 0.248919 -95.3305 0.0235306 -90.1348
0.0151991 1 45 0.995471 -5.45514 1 0 0.0950663 174.545 1 90 0.00920394 179.862 0.00951409 165.192 41.8973 -43.6323 41.5154 -43.6198 1 0 0.248868 84.5449 0.0240944 89.8619 1 -135 0.0237666 -95.4551 0.248868 -95.4551 0.0240944 -90.1381
0.0155568 1 45 0.995257 -5.5827 1 0 0.0972824 174.417 1 90 0.00964642 179.859 0.00995693 165.512 40.9346 -43.6002 40.5437 -43.5867 1 0 0.248814 84.4173 0.0246722 89.8586 1 -135 0.0243206 -95.5827 0.248814 -95.5827 0.0246722 -90.1414
0.0159228 1 45 0.995033 -5.71321 1 0 0.0995491 174.287 1 90 0.0101104 179.855 0.0104213 165.825 39.9941 -43.5672 39.594 -43.5528 1 0 0.248758 84.2868 0.0252643 89.8552 1 -135 0.0248873 -95.7132 0.248758 -95.7132 0.0252643 -90.1448
0.0162975 1 45 0.994798 -5.84672 1 0 0.101868 174.153 1 90 0.0105969 179.852 0.0109081 166.132 39.0752 -43.5335 38.6657 -43.518 1 0 0.248699 84.1533 0.0258713 89.8518 1 -135 0.0254669 -95.8467 0.248699 -95.8467 0.0258713 -90.1482
0.016681 1 45 0.994552 -5.98332 1 0 0.104239 174.017 1 90 0.0111071 179.848 0.0114187 166.432 38.1775 -43.4991 37.7584 -43.4824 1 0 0.248638 84.0167 0.0264934 89.8482 1 -135 0.0260597 -95.9833 0.248638 -95.9833 0.0264934 -90.1518
0.0170735 1 45 0.994295 -6.12305 1 0 0.106664 173.877 1 90 0.0116421 179.845 0.0119541 166.726 37.3004 -43.4638 36.8714 -43.4459 1 0 0.248574 83.8769 0.0271312 89.8445 1 -135 0.026666 -96.1231 0.248574 -96.1231 0.0271312 -90.1555
0.0174753 1 45 0.994026 -6.266 1 0 0.109144 173.734 1 90 0.0122032 179.841 0.0125155 167.014 36.4434 -43.4276 36.0044 -43.4084 1 0 0.248506 83.734 0.027785 89.8408 1 -135 0.0272861 -96.266 0.248506 -96.266 0.027785 -90.1592
0.0178865 1 45 0.993744 -6.41223 1 0 0.111681 173.588 1 90 0.0127917 179.837 0.0131044 167.296 35.6062 -43.3906 35.1569 -43.3701 1 0 0.248436 83.5878 0.0284553 89.837 1 -135 0.0279203 -96.4122 0.248436 -96.4122 0.0284553 -90.163
0.0183074 1 45 0.993449 -6.56182 1 0 0.114275 173.438 1 90 0.013409 179.833 0.013722 167.571 34.7883 -43.3528 34.3284 -43.3307 1 0 0.248362 83.4382 0.0291427 89.833 1 -135 0.0285688 -96.5618 0.248362 -96.5618 0.0291427 -90.167
0.0187382 1 45 0.99314 -6.71483 1 0 0.116928 173.285 1 90 0.0140564 179.829 0.0143698 167.841 33.9892 -43.3141 33.5185 -43.2904 1 0 0.248285 83.2852 0.0298475 89.829 1 -135 0.029232 -96.7148 0.248285 -96.7148 0.0298475 -90.171
0.0191791 1 45 0.992817 -6.87134 1 0 0.11964 173.129 1 90 0.0147356 179.825 0.0150493 168.105 33.2085 -43.2744 32.7267 -43.249 1 0 0.248204 83.1287 0.0305703 89.8248 1 -135 0.0299101 -96.8713 0.248204 -96.8713 0.0305703 -90.1752
0.0196304 1 45 0.992479 -7.03143 1 0 0.122414 172.969 1 90 0.0154481 179.821 0.0157622 168.363 32.4457 -43.2338 31.9526 -43.2066 1 0 0.24812 82.9686 0.0313116 89.8206 1 -135 0.0306035 -97.0314 0.24812 -97.0314 0.0313116 -90.1794
0.0200923 1 45 0.992125 -7.19518 1 0 0.12525 172.805 1 90 0.0161955 179.816 0.01651 168.615 31.7005 -43.1923 31.1958 -43.163 1 0 0.248031 82.8048 0.0320719 89.8162 1 -135 0.0313124 -97.1952 0.248031 -97.1952 0.0320719 -90.1838
0.0205651 1 45 0.991755 -7.36265 1 0 0.128149 172.637 1 90 0.0169798 179.812 0.0172947 168.862 30.9724 -43.1498 30.4558 -43.1184 1 0 0.247939 82.6374 0.032852 89.8118 1 -135 0.0320373 -97.3626 0.247939 -97.3626 0.032852 -90.1882
0.021049 1 45 0.991367 -7.53393 1 0 0.131113 172.466 1 90 0.0178027 179.807 0.018118 169.103 30.2611 -43.1063 29.7324 -43.0726 1 0 0.247842 82.4661 0.0336522 89.8072 1 -135 0.0327783 -97.5339 0.247842 -97.5339 0.0336522 -90.1928
0.0215443 1 45 0.990962 -7.7091 1 0 0.134144 172.291 1 90 0.0186662 179.802 0.0189819 169.339 29.5662 -43.0617 29.025 -43.0256 1 0 0.24774 82.2909 0.0344733 89.8025 1 -135 0.0335359 -97.7091 0.24774 -97.7091 0.0344733 -90.1975
0.0220513 1 45 0.990538 -7.88825 1 0 0.137241 172.112 1 90 0.0195724 179.798 0.0198885 169.569 28.8872 -43.0162 28.3334 -42.9774 1 0 0.247634 82.1117 0.0353158 89.7977 1 -135 0.0343104 -97.8883 0.247634 -97.8883 0.0353158 -90.2023
0.0225702 1 45 0.990094 -8.07145 1 0 0.140408 171.929 1 90 0.0205235 179.793 0.0208399 169.795 28.2239 -42.9695 27.657 -42.9279 1 0 0.247523 81.9285 0.0361806 89.7927 1 -135 0.035102 -98.0715 0.247523 -98.0715 0.0361806 -90.2073
0.0231013 1 45 0.989629 -8.25879 1 0 0.143644 171.741 1 90 0.0215217 179.788 0.0218386 170.015 27.5759 -42.9218 26.9957 -42.8771 1 0 0.247407 81.7412 0.0370682 89.7876 1 -135 0.0359111 -98.2588 0.247407 -98.2588 0.0370682 -90.2124
0.0236449 1 45 0.989144 -8.45035 1 0 0.146952 171.55 1 90 0.0225696 179.782 0.0228869 170.23 26.9428 -42.8729 26.3489 -42.825 1 0 0.247286 81.5496 0.0379793 89.7824 1 -135 0.0367381 -98.4504 0.247286 -98.4504 0.0379793 -90.2176
0.0242013 1 45 0.988635 -8.64623 1 0 0.150333 171.354 1 90 0.0236697 179.777 0.0239875 170.441 26.3242 -42.8229 25.7164 -42.7715 1 0 0.247159 81.3538 0.0389148 89.777 1 -135 0.0375833 -98.6462 0.247159 -98.6462 0.0389148 -90.223
0.0247708 1 45 0.988104 -8.8465 1 0 0.153788 171.154 1 90 0.0248247 179.772 0.025143 170.646 25.7199 -42.7718 25.0978 -42.7165 1 0 0.247026 81.1535 0.0398754 89.7715 1 -135 0.0384469 -98.8465 0.247026 -98.8465 0.0398754 -90.2285
0.0253536 1 45 0.987548 -9.05126 1 0 0.157318 170.949 1 90 0.0260376 179.766 0.0263562 170.847 25.1295 -42.7194 24.4928 -42.6601 1 0 0.246887 80.9487 0.040862 89.7659 1 -135 0.0393295 -99.0513 0.246887 -99.0513 0.040862 -90.2341
0.0259502 1 45 0.986967 -9.2606 1 0 0.160925 170.739 1 90 0.0273112 179.76 0.0276304 171.043 24.5527 -42.6658 23.9011 -42.6021 1 0 0.246742 80.7394 0.0418755 89.7601 1 -135 0.0402313 -99.2606 0.246742 -99.2606 0.0418755 -90.2399
0.0265609 1 45 0.986359 -9.4746 1 0 0.16461 170.525 1 90 0.0286489 179.754 0.0289686 171.234 23.9892 -42.6109 23.3222 -42.5425 1 0 0.24659 80.5254 0.0429166 89.7541 1 -135 0.0411526 -99.4746 0.24659 -99.4746 0.0429166 -90.2459
0.0271859 1 45 0.985723 -9.69336 1 0 0.168375 170.307 1 90 0.030054 179.748 0.0303742 171.421 23.4386 -42.5548 22.756 -42.4814 1 0 0.246431 80.3066 0.0439865 89.748 1 -135 0.0420938 -99.6934 0.246431 -99.6934 0.0439865 -90.252
0.0278256 1 45 0.985058 -9.91698 1 0 0.172221 170.083 1 90 0.0315302 179.742 0.0318509 171.604 22.9008 -42.4973 22.2021 -42.4185 1 0 0.246265 80.083 0.045086 89.7417 1 -135 0.0430553 -99.917 0.246265 -99.917 0.045086 -90.2583
0.0284804 1 45 0.984363 -10.1455 1 0 0.176149 169.854 1 90 0.0330811 179.735 0.0334024 171.782 22.3753 -42.4385 21.6602 -42.3539 1 0 0.246091 79.8545 0.0462163 89.7352 1 -135 0.0440373 -100.146 0.246091 -100.146 0.0462163 -90.2648
0.0291505 1 45 0.983637 -10.3791 1 0 0.180161 169.621 1 90 0.034711 179.729 0.0350328 171.956 21.8619 -42.3783 21.1301 -42.2874 1 0 0.245909 79.6209 0.0473784 89.7285 1 -135 0.0450403 -100.379 0.245909 -100.379 0.0473784 -90.2715
0.0298365 1 45 0.982878 -10.6179 1 0 0.184258 169.382 1 90 0.036424 179.722 0.0367464 172.126 21.3604 -42.3167 20.6114 -42.2191 1 0 0.245719 79.3821 0.0485736 89.7217 1 -135 0.0460646 -100.618 0.245719 -100.618 0.0485736 -90.2783
0.0305386 1 45 0.982084 -10.8619 1 0 0.188442 169.138 1 90 0.0382246 179.715 0.0385477 172.291 20.8704 -42.2536 20.1038 -42.1488 1 0 0.245521 79.1381 0.0498029 89.7146 1 -135 0.0471104 -100.862 0.245521 -100.862 0.0498029 -90.2854
0.0312572 1 45 0.981255 -11.1112 1 0 0.192713 168.889 1 90 0.0401177 179.707 0.0404414 172.453 20.3917 -42.1891 19.6071 -42.0765 1 0 0.245314 78.8888 0.0510677 89.7074 1 -135 0.0481783 -101.111 0.245314 -101.111 0.0510677 -90.2926
0.0319927 1 45 0.980389 -11.3659 1 0 0.197074 168.634 1 90 0.0421083 179.7 0.0424327 172.611 19.924 -42.1231 19.121 -42.0022 1 0 0.245097 78.6341 0.0523694 89.6999 1 -135 0.0492684 -101.366 0.245097 -101.366 0.0523694 -90.3001
0.0327455 1 45 0.979483 -11.6261 1 0 0.201525 168.374 1 90 0.0442019 179.692 0.044527 172.764 19.4671 -42.0555 18.6453 -41.9256 1 0 0.244871 78.3739 0.0537093 89.6923 1 -135 0.0503812 -101.626 0.244871 -101.626 0.0537093 -90.3077
0.033516 1 45 0.978538 -11.892 1 0 0.206068 168.108 1 90 0.0464043 179.684 0.0467301 172.914 19.0208 -41.9863 18.1797 -41.8468 1 0 0.244634 78.108 0.0550891 89.6844 1 -135 0.0515169 -101.892 0.244634 -101.892 0.0550891 -90.3156
0.0343047 1 45 0.97755 -12.1636 1 0 0.210704 167.836 1 90 0.0487215 179.676 0.0490481 173.06 18.5847 -41.9156 17.7239 -41.7656 1 0 0.244387 77.8364 0.0565102 89.6762 1 -135 0.0526759 -102.164 0.244387 -102.164 0.0565102 -90.3238
0.0351119 1 45 0.976518 -12.441 1 0 0.215434 167.559 1 90 0.05116 179.668 0.0514875 173.203 18.1587 -41.8431 17.2777 -41.682 1 0 0.24413 77.559 0.0579744 89.6678 1 -135 0.0538586 -102.441 0.24413 -102.441 0.0579744 -90.3322
0.0359381 1 45 0.975441 -12.7243 1 0 0.22026 167.276 1 90 0.0537269 179.659 0.0540552 173.341 17.7425 -41.769 16.8408 -41.5958 1 0 0.24386 77.2757 0.0594835 89.6592 1 -135 0.0550651 -102.724 0.24386 -102.724 0.0594835 -90.3408
0.0367838 1 45 0.974316 -13.0137 1 0 0.225183 166.986 1 90 0.0564294 179.65 0.0567586 173.477 17.3359 -41.6931 16.4131 -41.507 1 0 0.243579 76.9863 0.0610393 89.6503 1 -135 0.0562959 -103.014 0.243579 -103.014 0.0610393 -90.3497
0.0376494 1 45 0.973142 -13.3091 1 0 0.230204 166.691 1 90 0.0592756 179.641 0.0596057 173.608 16.9387 -41.6155 15.9942 -41.4154 1 0 0.243286 76.6909 0.0626438 89.6411 1 -135 0.0575511 -103.309 0.243286 -103.309 0.0626438 -90.3589
0.0385353 1 45 0.971917 -13.6108 1 0 0.235325 166.389 1 90 0.0622737 179.632 0.0626048 173.737 16.5507 -41.5361 15.5841 -41.3209 1 0 0.242979 76.3892 0.0642993 89.6316 1 -135 0.0588312 -103.611 0.242979 -103.611 0.0642993 -90.3684
0.0394421 1 45 0.970638 -13.9187 1 0 0.240545 166.081 1 90 0.0654329 179.622 0.065765 173.861 16.1716 -41.4547 15.1823 -41.2234 1 0 0.242659 76.0813 0.066008 89.6218 1 -135 0.0601363 -103.919 0.242659 -103.919 0.066008 -90.3782
0.0403702 1 45 0.969304 -14.2331 1 0 0.245867 165.767 1 90 0.0687627 179.612 0.0690959 173.983 15.8012 -41.3715 14.7888 -41.1228 1 0 0.242326 75.7669 0.0677723 89.6117 1 -135 0.0614668 -104.233 0.242326 -104.233 0.0677723 -90.3883
0.0413201 1 45 0.967912 -14.5539 1 0 0.251291 165.446 1 90 0.0722734 179.601 0.0726077 174.101 15.4394 -41.2864 14.4033 -41.0188 1 0 0.241978 75.4461 0.0695949 89.6012 1 -135 0.0628228 -104.554 0.241978 -104.554 0.0695949 -90.3988
0.0422924 1 45 0.96646 -14.8814 1 0 0.256818 165.119 1 90 0.0759762 179.59 0.0763117 174.216 15.086 -41.1993 14.0256 -40.9114 1 0 0.241615 75.1186 0.0714784 89.5905 1 -135 0.0642046 -104.881 0.241615 -104.881 0.0714784 -90.4095
0.0432876 1 45 0.964946 -15.2155 1 0 0.26245 164.785 1 90 0.0798827 179.579 0.0802194 174.328 14.7407 -41.1101 13.6555 -40.8004 1 0 0.241236 74.7845 0.0734259 89.5793 1 -135 0.0656125 -105.215 0.241236 -105.215 0.0734259 -90.4207
0.0443062 1 45 0.963367 -15.5564 1 0 0.268186 164.444 1 90 0.0840058 179.568 0.0843439 174.436 14.4034 -41.0189 13.2928 -40.6856 1 0 0.240842 74.4436 0.0754405 89.5678 1 -135 0.0670465 -105.556 0.240842 -105.556 0.0754405 -90.4322
0.0453488 1 45 0.961722 -15.9041 1 0 0.274028 164.096 1 90 0.0883591 179.556 0.0886985 174.542 14.0739 -40.9255 12.9373 -40.5668 1 0 0.24043 74.0959 0.0775257 89.5558 1 -135 0.068507 -105.904 0.24043 -105.904 0.0775257 -90.4442
0.0464159 1 45 0.960007 -16.2588 1 0 0.279976 163.741 1 90 0.0929573 179.543 0.0932982 174.644 13.752 -40.8299 12.5888 -40.4439 1 0 0.240002 73.7412 0.0796851 89.5434 1 -135 0.069994 -106.259 0.240002 -106.259 0.0796851 -90.4566
0.0475081 1 45 0.95822 -16.6205 1 0 0.286031 163.38 1 90 0.0978164 179.531 0.0981588 174.743 13.4375 -40.7322 12.2471 -40.3165 1 0 0.239555 73.3795 0.0819226 89.5306 1 -135 0.0715077 -106.62 0.239555 -106.62 0.0819226 -90.4694
0.048626 1 45 0.956359 -16.9893 1 0 0.292193 163.011 1 90 0.102953 179.517 0.103297 174.839 13.1303 -40.6321 11.9121 -40.1845 1 0 0.23909 73.0107 0.0842426 89.5173 1 -135 0.0730482 -106.989 0.23909 -106.989 0.0842426 -90.4827
0.0497702 1 45 0.954421 -17.3653 1 0 0.298462 162.635 1 90 0.108387 179.504 0.108732 174.933 12.8302 -40.5298 11.5836 -40.0475 1 0 0.238605 72.6347 0.0866495 89.5035 1 -135 0.0746156 -107.365 0.238605 -107.365 0.0866495 -90.4965
0.0509414 1 45 0.952404 -17.7485 1 0 0.30484 162.251 1 90 0.114136 179.489 0.114484 175.023 12.5371 -40.425 11.2613 -39.9054 1 0 0.238101 72.2515 0.0891484 89.4892 1 -135 0.0762099 -107.749 0.238101 -107.749 0.0891484 -90.5108
0.0521401 1 45 0.950304 -18.1391 1 0 0.311325 161.861 1 90 0.120224 179.474 0.120574 175.11 12.2507 -40.3178 10.9452 -39.7579 1 0 0.237576 71.8609 0.0917445 89.4743 1 -135 0.0778312 -108.139 0.237576 -108.139 0.0917445 -90.5257
0.053367 1 45 0.948118 -18.5371 1 0 0.317918 161.463 1 90 0.126674 179.459 0.127025 175.195 11.9709 -40.2082 10.635 -39.6045 1 0 0.23703 71.4629 0.0944438 89.4589 1 -135 0.0794795 -108.537 0.23703 -108.537 0.0944438 -90.5411
0.0546228 1 45 0.945845 -18.9425 1 0 0.324619 161.058 1 90 0.13351 179.443 0.133864 175.277 11.6977 -40.096 10.3305 -39.445 1 0 0.236461 71.0575 0.0972525 89.4428 1 -135 0.0811547 -108.942 0.236461 -108.942 0.0972525 -90.5572
0.0559081 1 45 0.943481 -19.3554 1 0 0.331427 160.645 1 90 0.140762 179.426 0.141118 175.355 11.4307 -39.9811 10.0317 -39.279 1 0 0.23587 70.6446 0.100178 89.426 1 -135 0.0828567 -109.355 0.23587 -109.355 0.100178 -90.574
0.0572237 1 45 0.941023 -19.7759 1 0 0.338342 160.224 1 90 0.148459 179.409 0.148817 175.431 11.17 -39.8637 9.7384 -39.1061 1 0 0.235256 70.2241 0.103226 89.4085 1 -135 0.0845855 -109.776 0.235256 -109.776 0.103226 -90.5915
0.0585702 1 45 0.938469 -20.204 1 0 0.345364 159.796 1 90 0.156635 179.39 0.156996 175.504 10.9152 -39.7435 9.45037 -38.9258 1 0 0.234617 69.796 0.106407 89.3903 1 -135 0.0863409 -110.204 0.234617 -110.204 0.106407 -90.6097
0.0599484 1 45 0.935815 -20.6397 1 0 0.352491 159.36 1 90 0.165326 179.371 0.165689 175.574 10.6664 -39.6205 9.16749 -38.7377 1 0 0.233954 69.3603 0.109729 89.3713 1 -135 0.0881227 -110.64 0.233954 -110.64 0.109729 -90.6287
0.0613591 1 45 0.933059 -21.0832 1 0 0.359723 158.917 1 90 0.174571 179.351 0.174938 175.641 10.4234 -39.4947 8.88962 -38.5411 1 0 0.233265 68.9168 0.113202 89.3514 1 -135 0.0899307 -111.083 0.233265 -111.083 0.113202 -90.6486
0.0628029 1 45 0.930198 -21.5343 1 0 0.367058 158.466 1 90 0.184416 179.331 0.184786 175.705 10.186 -39.366 8.6166 -38.3355 1 0 0.232549 68.4657 0.116837 89.3306 1 -135 0.0917646 -111.534 0.232549 -111.534 0.116837 -90.6694
0.0642807 1 45 0.927228 -21.9932 1 0 0.374496 158.007 1 90 0.194908 179.309 0.195281 175.767 9.9541 -39.2343 8.3483 -38.1203 1 0 0.231807 68.0068 0.120645 89.3087 1 -135 0.0936241 -111.993 0.231807 -111.993 0.120645 -90.6913
0.0657933 1 45 0.924148 -22.4598 1 0 0.382035 157.54 1 90 0.2061 179.286 0.206477 175.825 9.72759 -39.0995 8.08457 -37.8948 1 0 0.231037 67.5402 0.12464 89.2858 1 -135 0.0955087 -112.46 0.231037 -112.46 0.12464 -90.7142
0.0673415 1 45 0.920953 -22.9342 1 0 0.389673 157.066 1 90 0.218053 179.262 0.218433 175.88 9.50634 -38.9617 7.82528 -37.658 1 0 0.230238 67.0658 0.128837 89.2618 1 -135 0.0974182 -112.934 0.230238 -112.934 0.128837 -90.7382
0.0689261 1 45 0.917642 -23.4163 1 0 0.397408 156.584 1 90 0.230831 179.237 0.231216 175.933 9.29024 -38.8207 7.5703 -37.4093 1 0 0.22941 66.5837 0.133251 89.2365 1 -135 0.0993521 -113.416 0.22941 -113.416 0.133251 -90.7635
0.070548 1 45 0.914211 -23.9061 1 0 0.405239 156.094 1 90 0.244509 179.21 0.244897 175.982 9.07916 -38.6765 7.31949 -37.1476 1 0 0.228553 66.0939 0.137902 89.2099 1 -135 0.10131 -113.906 0.228553 -113.906 0.137902 -90.7901
0.0722081 1 45 0.910657 -24.4036 1 0 0.413162 155.596 1 90 0.259167 179.182 0.25956 176.028 8.87299 -38.5289 7.07272 -36.8718 1 0 0.227664 65.5964 0.142808 89.1817 1 -135 0.103291 -114.404 0.227664 -114.404 0.142808 -90.8183
0.0739072 1 45 0.906979 -24.9089 1 0 0.421176 155.091 1 90 0.274898 179.152 0.275296 176.07 8.67162 -38.378 6.82988 -36.5807 1 0 0.226745 65.0911 0.147994 89.152 1 -135 0.105294 -114.909 0.226745 -114.909 0.147994 -90.848
0.0756463 1 45 0.903172 -25.4217 1 0 0.429278 154.578 1 90 0.291805 179.121 0.292208 176.11 8.47494 -38.2236 6.59084 -36.2731 1 0 0.225793 64.5783 0.153485 89.1206 1 -135 0.107319 -115.422 0.225793 -115.422 0.153485 -90.8794
0.0774264 1 45 0.899236 -25.9422 1 0 0.437464 154.058 1 90 0.310005 179.087 0.310414 176.145 8.28285 -38.0657 6.35549 -35.9472 1 0 0.224809 64.0578 0.159309 89.0872 1 -135 0.109366 -115.942 0.224809 -115.942 0.159309 -90.9128
0.0792483 1 45 0.895167 -26.4702 1 0 0.445732 153.53 1 90 0.329629 179.052 0.330044 176.177 8.09523 -37.9042 6.12371 -35.6015 1 0 0.223792 63.5298 0.165499 89.0517 1 -135 0.111433 -116.47 0.223792 -116.47 0.165499 -90.9483
0.0811131 1 45 0.890962 -27.0056 1 0 0.454078 152.994 1 90 0.350828 179.014 0.35125 176.206 7.912 -37.7389 5.89538 -35.234 1 0 0.222741 62.9944 0.172093 89.0139 1 -135 0.113519 -117.006 0.222741 -117.006 0.172093 -90.9861
0.0830218 1 45 0.88662 -27.5484 1 0 0.462498 152.452 1 90 0.373773 178.974 0.374202 176.23 7.73304 -37.57 5.67042 -34.8425 1 0 0.221655 62.4516 0.179133 88.9736 1 -135 0.115624 -117.548 0.221655 -117.548 0.179133 -91.0264
0.0849753 1 45 0.882139 -28.0985 1 0 0.470988 151.902 1 90 0.398661 178.93 0.399098 176.25 7.55826 -37.3972 5.44871 -34.4246 1 0 0.220535 61.9015 0.186669 88.9304 1 -135 0.117747 -118.098 0.220535 -118.098 0.186669 -91.0696
0.0869749 1 45 0.877517 -28.6557 1 0 0.479545 151.344 1 90 0.42572 178.884 0.426165 176.265 7.38757 -37.2204 5.23015 -33.9772 1 0 0.219379 61.3443 0.194756 88.8841 1 -135 0.119886 -118.656 0.219379 -118.656 0.194756 -91.1159
0.0890215 1 45 0.872752 -29.22 1 0 0.488164 150.78 1 90 0.455213 178.834 0.455667 176.275 7.22088 -37.0397 5.01467 -33.4972 1 0 0.218188 60.78 0.20346 88.8342 1 -135 0.122041 -119.22 0.218188 -119.22 0.20346 -91.1658
0.0911163 1 45 0.867842 -29.7912 1 0 0.49684 150.209 1 90 0.487446 178.78 0.487911 176.28 7.05809 -36.8549 4.80217 -32.9808 1 0 0.216961 60.2088 0.212858 88.7803 1 -135 0.12421 -119.791 0.216961 -119.791 0.212858 -91.2197
0.0932603 1 45 0.862786 -30.3691 1 0 0.505569 149.631 1 90 0.522782 178.722 0.523257 176.279 6.89912 -36.6658 4.59257 -32.4235 1 0 0.215697 59.6309 0.22304 88.722 1 -135 0.126392 -120.369 0.215697 -120.369 0.22304 -91.278
0.0954548 1 45 0.857584 -30.9537 1 0 0.514345 149.046 1 90 0.561645 178.659 0.562132 176.272 6.74388 -36.4726 4.38581 -31.8202 1 0 0.214396 59.0463 0.234112 88.6585 1 -135 0.128586 -120.954 0.214396 -120.954 0.234112 -91.3415
0.097701 1 45 0.852233 -31.5447 1 0 0.523163 148.455 1 90 0.604543 178.589 0.605044 176.257 6.59229 -36.275 4.18183 -31.1648 1 0 0.213058 58.4553 0.2462 88.5892 1 -135 0.130791 -121.545 0.213058 -121.545 0.2462 -91.4108
0.1 1 45 0.846733 -32.1419 1 0 0.532018 147.858 1 90 0.652084 178.513 0.6526 176.235 6.44426 -36.0729 3.98058 -30.4503 1 0 0.211683 57.8581 0.259456 88.5133 1 -135 0.133005 -122.142 0.211683 -122.142 0.259456 -91.4867
0.102353 1 45 0.841084 -32.7452 1 0 0.540904 147.255 1 90 0.705004 178.43 0.705536 176.203 6.29971 -35.8664 3.78202 -29.6682 1 0 0.210271 57.2548 0.274063 88.4295 1 -135 0.135226 -122.745 0.210271 -122.745 0.274063 -91.5705
0.104762 1 45 0.835286 -33.3544 1 0 0.549816 146.646 1 90 0.764203 178.337 0.764754 176.162 6.15857 -35.6552 3.58615 -28.8084 1 0 0.208822 56.6456 0.290246 88.3368 1 -135 0.137454 -123.354 0.208822 -123.354 0.290246 -91.6632
0.107227 1 45 0.829339 -33.9691 1 0 0.558746 146.031 1 90 0.830791 178.233 0.831363 176.108 6.02076 -35.4393 3.39295 -27.8587 1 0 0.207335 56.0309 0.308283 88.2334 1 -135 0.139687 -123.969 0.207335 -123.969 0.308283 -91.7666
0.10975 1 45 0.823242 -34.5893 1 0 0.56769 145.411 1 90 0.906157 178.117 0.906752 176.041 5.88621 -35.2187 3.20246 -26.8045 1 0 0.205811 55.4107 0.328518 88.1174 1 -135 0.141923 -124.589 0.205811 -124.589 0.328518 -91.8826
0.112332 1 45 0.816998 -35.2146 1 0 0.576641 144.785 1 90 0.992058 177.986 0.992681 175.958 5.75483 -34.9931 3.01475 -25.6278 1 0 0.204249 54.7854 0.351392 87.9863 1 -135 0.14416 -125.215 0.204249 -125.215 0.351392 -92.0137
0.114976 1 45 0.810606 -35.8449 1 0 0.585593 144.155 1 90 1.09075 177.837 1.09141 175.855 5.62657 -34.7625 2.82991 -24.3066 1 0 0.202651 54.1551 0.377469 87.8368 1 -135 0.146398 -125.845 0.202651 -125.845 0.377469 -92.1632
0.117681 1 45 0.804068 -36.4797 1 0 0.594538 143.52 1 90 1.20519 177.665 1.20588 175.728 5.50135 -34.5269 2.64812 -22.8133 1 0 0.201017 53.5203 0.407484 87.6646 1 -135 0.148634 -126.48 0.201017 -126.48 0.407484 -92.3354
0.12045 1 45 0.797385 -37.1189 1 0 0.603471 142.881 1 90 1.33932 177.464 1.34005 175.572 5.3791 -34.2861 2.4696 -21.1137 1 0 0.199346 52.8811 0.44242 87.4643 1 -135 0.150868 -127.119 0.199346 -127.119 0.44242 -92.5357
0.123285 1 45 0.79056 -37.7621 1 0 0.612384 142.238 1 90 1.49847 177.228 1.49926 175.379 5.25976 -34.04 2.29469 -19.1646 1 0 0.19764 52.2379 0.483616 87.228 1 -135 0.153096 -127.762 0.19764 -127.762 0.483616 -92.772
0.126186 1 45 0.783595 -38.4091 1 0 0.621272 141.591 1 90 1.69017 176.945 1.69101 175.139 5.14325 -33.7886 2.12386 -16.9111 1 0 0.195899 51.5909 0.532942 86.945 1 -135 0.155318 -128.409 0.195899 -128.409 0.532942 -93.055
0.129155 1 45 0.776492 -39.0595 1 0 0.630127 140.941 1 90 1.9252 176.6 1.92612 174.835 5.02953 -33.5317 1.95776 -14.2836 1 0 0.194123 50.9405 0.593097 86.5998 1 -135 0.157532 -129.059 0.194123 -129.059 0.593097 -93.4002
0.132194 1 45 0.769254 -39.713 1 0 0.638943 140.287 1 90 2.21976 176.169 2.22076 174.445 4.91852 -33.2692 1.79728 -11.1931 1 0 0.192314 50.287 0.668119 86.1691 1 -135 0.159736 -129.713 0.192314 -129.713 0.668119 -93.8309
0.135305 1 45 0.761885 -40.3694 1 0 0.647713 139.631 1 90 2.59918 175.616 2.60031 173.932 4.81017 -33.0011 1.64369 -7.52704 1 0 0.190471 49.6306 0.764335 85.6164 1 -135 0.161928 -130.369 0.190471 -130.369 0.764335 -94.3836
0.138489 1 45 0.754387 -41.0282 1 0 0.65643 138.972 1 90 3.10551 174.881 3.10679 173.235 4.70442 -32.7272 1.49872 -3.14576 1 0 0.188597 48.9718 0.892235 84.8811 1 -135 0.164107 -131.028 0.188597 -131.028 0.892235 -95.1189
0.141747 1 45 0.746765 -41.6891 1 0 0.665088 138.311 1 90 3.81386 173.854 3.81536 172.247 4.60121 -32.4475 1.36475 2.11636 1 0 0.186691 48.3109 1.07056 83.8544 1 -135 0.166272 -131.689 0.186691 -131.689 1.07056 -96.1456
0.145083 1 45 0.739023 -42.3518 1 0 0.67368 137.648 1 90 4.87247 172.321 4.8743 170.75 4.50048 -32.1618 1.245 8.43779 1 0 0.184756 47.6482 1.33627 82.3208 1 -135 0.16842 -132.352 0.184756 -132.352 1.33627 -97.6792
0.148497 1 45 0.731165 -43.0159 1 0 0.682201 136.984 1 90 6.61844 169.785 6.62082 168.25 4.40218 -31.8701 1.14367 15.9714 1 0 0.182791 46.9841 1.77337 79.7853 1 -135 0.17055 -133.016 0.182791 -133.016 1.77337 -100.215
0.151991 1 45 0.723196 -43.6811 1 0 0.690643 136.319 1 90 10.0024 164.82 10.0058 163.321 4.30625 -31.5722 1.06576 24.7671 1 0 0.180799 46.3189 2.61846 74.8204 1 -135 0.172661 -133.681 0.180799 -133.681 2.61846 -105.18
0.155568 1 45 0.71512 -44.3469 1 0 0.699001 135.653 1 90 18.7962 151.266 18.8024 149.801 4.21265 -31.268 1.0165 34.663 1 0 0.17878 45.6531 4.80742 61.2662 1 -135 0.17475 -134.347 0.17878 -134.347 4.80742 -118.734
0.159228 1 45 0.706944 -45.0132 1 0 0.70727 134.987 1 90 39.9913 87.8894 40.0038 86.4579 4.12132 -30.9575 1.00001 45.2112 1 0 0.176736 44.9868 9.99322 -2.11064 1 -135 0.176817 -135.013 0.176736 -135.013 9.99322 177.889
0.162975 1 45 0.698672 -45.6794 1 0 0.715442 134.321 1 90 19.0951 27.7871 19.1008 26.3885 4.03221 -30.6406 1.01785 55.7453 1 0 0.174668 44.3206 4.66187 -62.2129 1 -135 0.178861 -135.679 0.174668 -135.679 4.66187 117.787
0.16681 1 45 0.69031 -46.3453 1 0 0.723513 133.655 1 90 10.7765 14.895 10.7796 13.5286 3.94527 -30.3172 1.06834 65.6042 1 0 0.172578 43.6547 2.57049 -75.105 1 -135 0.180878 -136.345 0.172578 -136.345 2.57049 104.895
0.170735 1 45 0.681865 -47.0105 1 0 0.731478 132.99 1 90 7.5127 10.0832 7.51474 8.74823 3.86046 -29.9871 1.14727 74.3512 1 0 0.170466 42.9895 1.75079 -79.9168 1 -135 0.18287 -137.01 0.170466 -137.01 1.75079 100.083
0.174753 1 45 0.673341 -47.6745 1 0 0.739332 132.325 1 90 5.81192 7.60421 5.81343 6.29989 3.77773 -29.6503 1.24943 81.8349 1 0 0.168335 42.3255 1.32329 -82.3958 1 -135 0.184833 -137.675 0.168335 -137.675 1.32329 97.6042
0.178865 1 45 0.664746 -48.3371 1 0 0.747069 131.663 1 90 4.77483 6.09727 4.77601 4.82292 3.69703 -29.3067 1.36981 88.1111 1 0 0.166187 41.6629 1.06217 -83.9027 1 -135 0.186767 -138.337 0.166187 -138.337 1.06217 96.0973
0.183074 1 45 0.656086 -48.998 1 0 0.754687 131.002 1 90 4.07833 5.08521 4.07929 3.84016 3.61832 -28.9563 1.50427 93.3349 1 0 0.164021 41.002 0.886372 -84.9148 1 -135 0.188672 -138.998 0.164021 -138.998 0.886372 95.0852
0.187382 1 45 0.647366 -49.6567 1 0 0.762179 130.343 1 90 3.5792 4.35873 3.58001 3.14229 3.54156 -28.5988 1.64962 97.6849 1 0 0.161842 40.3433 0.760009 -85.6413 1 -135 0.190545 -139.657 0.161842 -139.657 0.760009 94.3587
0.191791 1 45 0.638594 -50.3129 1 0 0.769544 129.687 1 90 3.20447 3.81181 3.20516 2.62333 3.4667 -28.2343 1.80352 101.326 1 0 0.159649 39.6871 0.664796 -86.1882 1 -135 0.192386 -140.313 0.159649 -140.313 0.664796 93.8118
0.196304 1 45 0.629777 -50.9663 1 0 0.776776 129.034 1 90 2.91315 3.38507 2.91374 2.22391 3.39371 -27.8627 1.96424 104.396 1 0 0.157444 39.0337 0.590463 -86.6149 1 -135 0.194194 -140.966 0.157444 -140.966 0.590463 93.3851
0.200923 1 45 0.62092 -51.6166 1 0 0.783874 128.383 1 90 2.68042 3.04271 2.68095 1.90823 3.32253 -27.4838 2.13054 107.007 1 0 0.15523 38.3834 0.530803 -86.9573 1 -135 0.195968 -141.617 0.15523 -141.617 0.530803 93.0427
0.205651 1 45 0.612032 -52.2635 1 0 0.790833 127.737 1 90 2.49045 2.76183 2.49091 1.65343 3.25314 -27.0977 2.30155 109.247 1 0 0.153008 37.7365 0.481844 -87.2382 1 -135 0.197708 -142.263 0.153008 -142.263 0.481844 92.7618
0.21049 1 45 0.603117 -52.9065 1 0 0.797653 127.093 1 90 2.33259 2.52715 2.33301 1.44422 3.18549 -26.7042 2.47661 111.185 1 0 0.150779 37.0935 0.440927 -87.4729 1 -135 0.199413 -142.907 0.150779 -142.907 0.440927 92.5271
0.215443 1 45 0.594184 -53.5455 1 0 0.804329 126.454 1 90 2.19949 2.32804 2.19987 1.27001 3.11955 -26.3033 2.65526 112.876 1 0 0.148546 36.4545 0.406209 -87.672 1 -135 0.201082 -143.546 0.148546 -143.546 0.406209 92.328
0.220513 1 45 0.585238 -54.1802 1 0 0.810862 125.82 1 90 2.08586 2.15693 2.0862 1.12321 3.05528 -25.8949 2.83718 114.362 1 0 0.146309 35.8198 0.376366 -87.8431 1 -135 0.202715 -144.18 0.146309 -144.18 0.376366 92.1569
0.225702 1 45 0.576287 -54.8102 1 0 0.817248 125.19 1 90 1.98781 2.00822 1.98812 0.998269 2.99264 -25.479 3.02213 115.677 1 0 0.144072 35.1898 0.35043 -87.9918 1 -135 0.204312 -144.81 0.144072 -144.81 0.35043 92.0082
0.231013 1 45 0.567336 -55.4353 1 0 0.823486 124.565 1 90 1.90245 1.87775 1.90273 0.891004 2.9316 -25.0555 3.20995 116.848 1 0 0.141834 34.5647 0.32767 -88.1223 1 -135 0.205872 -145.435 0.141834 -145.435 0.32767 91.8777
0.236449 1 45 0.558392 -56.0553 1 0 0.829577 123.945 1 90 1.82752 1.76229 1.82778 0.798227 2.87213 -24.6243 3.40055 117.898 1 0 0.139598 33.9447 0.307529 -88.2377 1 -135 0.207394 -146.055 0.139598 -146.055 0.307529 91.7623
0.242013 1 45 0.549462 -56.6699 1 0 0.835519 123.33 1 90 1.76131 1.65936 1.76154 0.717456 2.81419 -24.1856 3.59385 118.844 1 0 0.137366 33.3301 0.289572 -88.3406 1 -135 0.20888 -146.67 0.137366 -146.67 0.289572 91.6594
0.247708 1 45 0.540552 -57.2788 1 0 0.841311 122.721 1 90 1.70242 1.56698 1.70264 0.646733 2.75774 -23.7391 3.78984 119.701 1 0 0.135138 32.7212 0.273456 -88.433 1 -135 0.210328 -147.279 0.135138 -147.279 0.273456 91.567
0.253536 1 45 0.531667 -57.8819 1 0 0.846954 122.118 1 90 1.64977 1.48359 1.64997 0.584492 2.70276 -23.2849 3.9885 120.48 1 0 0.132917 32.1181 0.258906 -88.5164 1 -135 0.211738 -147.882 0.132917 -147.882 0.258906 91.4836
0.259502 1 45 0.522813 -58.4789 1 0 0.852447 121.521 1 90 1.60246 1.4079 1.60265 0.529469 2.64922 -22.8229 4.18986 121.192 1 0 0.130703 31.5211 0.2457 -88.5921 1 -135 0.213112 -148.479 0.130703 -148.479 0.2457 91.4079
0.265609 1 45 0.513996 -59.0696 1 0 0.857792 120.93 1 90 1.55976 1.33887 1.55993 0.480629 2.59708 -22.3533 4.39395 121.845 1 0 0.128499 30.9304 0.233655 -88.6611 1 -135 0.214448 -149.07 0.128499 -149.07 0.233655 91.3389
0.271859 1 45 0.505222 -59.6539 1 0 0.862989 120.346 1 90 1.52107 1.27563 1.52123 0.437119 2.54631 -21.8758 4.60082 122.446 1 0 0.126305 30.3461 0.222621 -88.7244 1 -135 0.215747 -149.654 0.126305 -149.654 0.222621 91.2756
0.278256 1 45 0.496495 -60.2316 1 0 0.868039 119.768 1 90 1.48589 1.21747 1.48604 0.398231 2.49689 -21.3907 4.81053 123.002 1 0 0.124124 29.7684 0.212472 -88.7825 1 -135 0.21701 -150.232 0.124124 -150.232 0.212472 91.2175
0.284804 1 45 0.487821 -60.8025 1 0 0.872943 119.197 1 90 1.45379 1.16377 1.45393 0.363369 2.44878 -20.8978 5.02315 123.517 1 0 0.121955 29.1975 0.203103 -88.8362 1 -135 0.218236 -150.803 0.121955 -150.803 0.203103 91.1638
0.291505 1 45 0.479205 -61.3665 1 0 0.877703 118.633 1 90 1.42441 1.11404 1.42455 0.332034 2.40197 -20.3972 5.23875 123.996 1 0 0.119801 28.6335 0.194424 -88.886 1 -135 0.219426 -151.367 0.119801 -151.367 0.194424 91.114
0.298365 1 45 0.470651 -61.9235 1 0 0.88232 118.077 1 90 1.39746 1.06783 1.39759 0.303797 2.35641 -19.8889 5.45743 124.442 1 0 0.117663 28.0765 0.18636 -88.9322 1 -135 0.22058 -151.923 0.117663 -151.923 0.18636 91.0678
0.305386 1 45 0.462163 -62.4732 1 0 0.886795 117.527 1 90 1.37267 1.02476 1.37278 0.278297 2.31208 -19.373 5.67927 124.859 1 0 0.115541 27.5268 0.178845 -88.9752 1 -135 0.221699 -152.473 0.115541 -152.473 0.178845 91.0248
0.312572 1 45 0.453746 -63.0158 1 0 0.891131 116.984 1 90 1.34981 0.984525 1.34992 0.255219 2.26897 -18.8496 5.90436 125.249 1 0 0.113436 26.9842 0.171824 -89.0155 1 -135 0.222783 -153.016 0.113436 -153.016 0.171824 90.9845
0.319927 1 45 0.445403 -63.5509 1 0 0.89533 116.449 1 90 1.32869 0.946835 1.32879 0.234294 2.22703 -18.3187 6.13282 125.616 1 0 0.111351 26.4491 0.165246 -89.0532 1 -135 0.223833 -153.551 0.111351 -153.551 0.165246 90.9468
0.327455 1 45 0.437138 -64.0786 1 0 0.899394 115.921 1 90 1.30913 0.91145 1.30923 0.215288 2.18625 -17.7803 6.36474 125.96 1 0 0.109285 25.9214 0.159071 -89.0886 1 -135 0.224849 -154.079 0.109285 -154.079 0.159071 90.9114
0.33516 1 45 0.428955 -64.5987 1 0 0.903326 115.401 1 90 1.29099 0.878156 1.29109 0.197998 2.1466 -17.2346 6.60024 126.286 1 0 0.107239 25.4013 0.153261 -89.1218 1 -135 0.225831 -154.599 0.107239 -154.599 0.153261 90.8782
0.343047 1 45 0.420857 -65.1113 1 0 0.907127 114.889 1 90 1.27414 0.846766 1.27423 0.182244 2.10806 -16.6817 6.83943 126.593 1 0 0.105214 24.8887 0.147783 -89.1532 1 -135 0.226782 -155.111 0.105214 -155.111 0.147783 90.8468
0.351119 1 45 0.412847 -65.6162 1 0 0.910801 114.384 1 90 1.25846 0.817117 1.25855 0.16787 2.0706 -16.1217 7.08242 126.883 1 0 0.103212 24.3838 0.142609 -89.1829 1 -135 0.2277 -155.616 0.103212 -155.616 0.142609 90.8171
0.359381 1 45 0.404927 -66.1135 1 0 0.914349 113.887 1 90 1.24385 0.789061 1.24393 0.154739 2.0342 -15.5546 7.32935 127.158 1 0 0.101232 23.8865 0.137713 -89.2109 1 -135 0.228587 -156.113 0.101232 -156.113 0.137713 90.7891
0.367838 1 45 0.3971 -66.603 1 0 0.917775 113.397 1 90 1.23022 0.762468 1.23029 0.142729 1.99884 -14.9807 7.58032 127.419 1 0 0.099275 23.397 0.133072 -89.2375 1 -135 0.229444 -156.603 0.099275 -156.603 0.133072 90.7625
0.376494 1 45 0.389369 -67.0848 1 0 0.921082 112.915 1 90 1.21748 0.737224 1.21755 0.131731 1.96449 -14.4002 7.83547 127.668 1 0 0.0973421 22.9152 0.128666 -89.2628 1 -135 0.230271 -157.085 0.0973421 -157.085 0.128666 90.7372
0.385353 1 45 0.381734 -67.5588 1 0 0.924272 112.441 1 90 1.20557 0.713224 1.20563 0.121651 1.93113 -13.813 8.09493 127.904 1 0 0.0954336 22.4412 0.124478 -89.2868 1 -135 0.231068 -157.559 0.0954336 -157.559 0.124478 90.7132
0.394421 1 45 0.3742 -68.0251 1 0 0.927348 111.975 1 90 1.19441 0.690376 1.19447 0.112402 1.89874 -13.2195 8.35884 128.129 1 0 0.0935499 21.9749 0.12049 -89.3096 1 -135 0.231837 -158.025 0.0935499 -158.025 0.12049 90.6904
0.403702 1 45 0.366766 -68.4837 1 0 0.930313 111.516 1 90 1.18395 0.668596 1.184 0.103909 1.86729 -12.6199 8.62733 128.344 1 0 0.0916914 21.5163 0.116689 -89.3314 1 -135 0.232578 -158.484 0.0916914 -158.484 0.116689 90.6686
0.413201 1 45 0.359434 -68.9345 1 0 0.93317 111.065 1 90 1.17413 0.647808 1.17418 0.0961025 1.83678 -12.0142 8.90053 128.549 1 0 0.0898586 21.0655 0.113062 -89.3522 1 -135 0.233293 -158.935 0.0898586 -158.935 0.113062 90.6478
0.422924 1 45 0.352206 -69.3777 1 0 0.935922 110.622 1 90 1.16491 0.627945 1.16496 0.0889219 1.80717 -11.4028 9.1786 128.745 1 0 0.0880516 20.6223 0.109595 -89.3721 1 -135 0.233981 -159.378 0.0880516 -159.378 0.109595 90.6279
0.432876 1 45 0.345083 -69.8131 1 0 0.938572 110.187 1 90 1.15624 0.608944 1.15629 0.0823121 1.77845 -10.7859 9.46168 128.933 1 0 0.0862709 20.1869 0.106279 -89.3911 1 -135 0.234643 -159.813 0.0862709 -159.813 0.106279 90.6089
0.443062 1 45 0.338066 -70.2409 1 0 0.941122 109.759 1 90 1.14809 0.590748 1.14814 0.0762234 1.75059 -10.1636 9.74992 129.113 1 0 0.0845165 19.7591 0.103103 -89.4093 1 -135 0.235281 -160.241 0.0845165 -160.241 0.103103 90.5907
0.453488 1 45 0.331155 -70.6611 1 0 0.943576 109.339 1 90 1.14042 0.573308 1.14046 0.0706111 1.72358 -9.53632 10.0435 129.286 1 0 0.0827888 19.3389 0.100059 -89.4267 1 -135 0.235894 -160.661 0.0827888 -160.661 0.100059 90.5733
0.464159 1 45 0.324351 -71.0737 1 0 0.945937 108.926 1 90 1.13318 0.556575 1.13323 0.0654347 1.6974 -8.90424 10.3425 129.451 1 0 0.0810878 18.9263 0.0971391 -89.4434 1 -135 0.236484 -161.074 0.0810878 -161.074 0.0971391 90.5566
0.475081 1 45 0.317655 -71.4788 1 0 0.948206 108.521 1 90 1.12637 0.540507 1.12641 0.0606575 1.67202 -8.26766 10.6471 129.611 1 0 0.0794137 18.5212 0.0943348 -89.4595 1 -135 0.237052 -161.479 0.0794137 -161.479 0.0943348 90.5405
0.48626 1 45 0.311066 -71.8765 1 0 0.950388 108.123 1 90 1.11993 0.525065 1.11997 0.0562464 1.64744 -7.62684 10.9576 129.764 1 0 0.0777665 18.1235 0.0916398 -89.4749 1 -135 0.237597 -161.877 0.0777665 -161.877 0.0916398 90.5251
0.497702 1 45 0.304585 -72.2668 1 0 0.952485 107.733 1 90 1.11386 0.510212 1.1139 0.0521713 1.62362 -6.98209 11.2739 129.911 1 0 0.0761463 17.7332 0.0890476 -89.4898 1 -135 0.238121 -162.267 0.0761463 -162.267 0.0890476 90.5102
0.509414 1 45 0.298212 -72.6498 1 0 0.9545 107.35 1 90 1.10813 0.495915 1.10816 0.0484047 1.60056 -6.33372 11.5965 130.053 1 0 0.074553 17.3502 0.0865525 -89.5041 1 -135 0.238625 -162.65 0.074553 -162.65 0.0865525 90.4959
0.521401 1 45 0.291947 -73.0255 1 0 0.956435 106.975 1 90 1.10271 0.482144 1.10274 0.0449217 1.57822 -5.68203 11.9253 130.19 1 0 0.0729867 16.9745 0.0841491 -89.5179 1 -135 0.239109 -163.025 0.0729867 -163.025 0.0841491 90.4821
0.53367 1 45 0.285789 -73.394 1 0 0.958293 106.606 1 90 1.09759 0.468871 1.09762 0.0416995 1.55661 -5.02734 12.2605 130.322 1 0 0.0714473 16.606 0.0818325 -89.5311 1 -135 0.239573 -163.394 0.0714473 -163.394 0.0818325 90.4689
0.546228 1 45 0.279738 -73.7554 1 0 0.960076 106.245 1 90 1.09274 0.456068 1.09277 0.0387174 1.53569 -4.36999 12.6025 130.449 1 0 0.0699346 16.2446 0.0795981 -89.5439 1 -135 0.240019 -163.755 0.0699346 -163.755 0.0795981 90.4561
0.559081 1 45 0.273795 -74.1098 1 0 0.961788 105.89 1 90 1.08815 0.443713 1.08818 0.0359565 1.51546 -3.71032 12.9512 130.572 1 0 0.0684486 15.8902 0.0774417 -89.5563 1 -135 0.240447 -164.11 0.0684486 -164.11 0.0774417 90.4437
0.572237 1 45 0.267957 -74.4573 1 0 0.963431 105.543 1 90 1.08381 0.431782 1.08384 0.0333994 1.49589 -3.04866 13.307 130.69 1 0 0.0669892 15.5427 0.0753594 -89.5682 1 -135 0.240858 -164.457 0.0669892 -164.457 0.0753594 90.4318
0.585702 1 45 0.262225 -74.7979 1 0 0.965007 105.202 1 90 1.0797 0.420254 1.07972 0.0310302 1.47697 -2.38536 13.67 130.805 1 0 0.0655562 15.2021 0.0733475 -89.5797 1 -135 0.241252 -164.798 0.0655562 -164.798 0.0733475 90.4203
0.599484 1 45 0.256598 -75.1317 1 0 0.966518 104.868 1 90 1.0758 0.40911 1.07582 0.0288345 1.45867 -1.72078 14.0404 130.916 1 0 0.0641494 14.8683 0.0714026 -89.5909 1 -135 0.24163 -165.132 0.0641494 -165.132 0.0714026 90.4091
0.613591 1 45 0.251074 -75.4589 1 0 0.967968 104.541 1 90 1.07211 0.398332 1.07213 0.0267988 1.441 -1.05528 14.4184 131.023 1 0 0.0627686 14.5411 0.0695215 -89.6017 1 -135 0.241992 -165.459 0.0627686 -165.459 0.0695215 90.3983
0.628029 1 45 0.245654 -75.7795 1 0 0.969358 104.221 1 90 1.0686 0.387903 1.06863 0.024911 1.42392 -0.389198 14.8042 131.127 1 0 0.0614136 14.2205 0.0677014 -89.6121 1 -135 0.242339 -165.779 0.0614136 -165.779 0.0677014 90.3879
0.642807 1 45 0.240336 -76.0936 1 0 0.97069 103.906 1 90 1.06528 0.377807 1.0653 0.0231599 1.40742 0.277091 15.1981 131.227 1 -1.40741e-18 0.0600841 13.9064 0.0659393 -89.6222 1 -135 0.242672 -166.094 0.0600841 -166.094 0.0659393 90.3778
0.657933 1 45 0.23512 -76.4013 1 0 0.971966 103.599 1 90 1.06213 0.368029 1.06215 0.0215351 1.3915 0.943229 15.6001 131.325 1 6.77984e-17 0.05878 13.5987 0.0642328 -89.632 1 -135 0.242992 -166.401 0.05878 -166.401 0.0642328 90.368
0.673415 1 45 0.230004 -76.7027 1 0 0.97319 103.297 1 90 1.05914 0.358555 1.05916 0.0200272 1.37612 1.60886 16.0107 131.419 1 -2.23244e-17 0.0575009 13.2973 0.0625793 -89.6414 1 -135 0.243297 -166.703 0.0575009 -166.703 0.0625793 90.3586
0.689261 1 45 0.224987 -76.9979 1 0 0.974362 103.002 1 90 1.0563 0.349373 1.05632 0.0186274 1.36128 2.27362 16.4299 131.511 1 -3.07204e-17 0.0562466 13.0021 0.0609767 -89.6506 1 -135 0.24359 -166.998 0.0562466 -166.998 0.0609767 90.3494
0.70548 1 45 0.220067 -77.287 1 0 0.975485 102.713 1 90 1.05361 0.34047 1.05362 0.0173276 1.34696 2.93716 16.8579 131.599 1 2.082e-17 0.0550169 12.713 0.0594228 -89.6595 1 -135 0.243871 -167.287 0.0550169 -167.287 0.0594228 90.3405
0.722081 1 45 0.215245 -77.5701 1 0 0.97656 102.43 1 90 1.05104 0.331834 1.05106 0.0161206 1.33315 3.59911 17.2952 131.685 1 4.15914e-17 0.0538113 12.4299 0.0579156 -89.6682 1 -135 0.24414 -167.57 0.0538113 -167.57 0.0579156 90.3318
0.739072 1 45 0.210518 -77.8473 1 0 0.97759 102.153 1 90 1.04861 0.323454 1.04863 0.0149993 1.31984 4.25915 17.7417 131.769 1 4.58622e-17 0.0526296 12.1527 0.0564531 -89.6765 1 -135 0.244397 -167.847 0.0526296 -167.847 0.0564531 90.3235
0.756463 1 45 0.205886 -78.1186 1 0 0.978576 101.881 1 90 1.0463 0.315321 1.04631 0.0139576 1.307 4.91691 18.1979 131.85 1 -4.50129e-17 0.0514715 11.8814 0.0550337 -89.6847 1 -135 0.244644 -168.119 0.0514715 -168.119 0.0550337 90.3153
0.774264 1 45 0.201347 -78.3843 1 0 0.97952 101.616 1 90 1.0441 0.307425 1.04412 0.0129895 1.29463 5.57207 18.664 131.929 1 -1.62823e-17 0.0503367 11.6157 0.0536555 -89.6926 1 -135 0.24488 -168.384 0.0503367 -168.384 0.0536555 90.3074
0.792483 1 45 0.196899 -78.6443 1 0 0.980424 101.356 1 90 1.04201 0.299756 1.04203 0.0120899 1.2827 6.22428 19.1401 132.005 1 3.37293e-18 0.0492248 11.3557 0.0523171 -89.7002 1 -135 0.245106 -168.644 0.0492248 -168.644 0.0523171 90.2998
0.811131 1 45 0.192542 -78.8988 1 0 0.981289 101.101 1 90 1.04003 0.292307 1.04004 0.0112536 1.27122 6.87324 19.6266 132.079 1 5.66604e-17 0.0481356 11.1012 0.0510169 -89.7077 1 -135 0.245322 -168.899 0.0481356 -168.899 0.0510169 90.2923
0.830218 1 45 0.188274 -79.1479 1 0 0.982116 100.852 1 90 1.03814 0.285068 1.03815 0.0104761 1.26016 7.51862 20.1237 132.152 1 -8.97831e-19 0.0470686 10.8521 0.0497535 -89.7149 1 -135 0.245529 -169.148 0.0470686 -169.148 0.0497535 90.2851
0.849753 1 45 0.184094 -79.3917 1 0 0.982909 100.608 1 90 1.03634 0.278032 1.03635 0.0097531 1.24951 8.16012 20.6317 132.222 1 1.26667e-17 0.0460236 10.6083 0.0485256 -89.722 1 -135 0.245727 -169.392 0.0460236 -169.392 0.0485256 90.278
0.869749 1 45 0.180001 -79.6302 1 0 0.983666 100.37 1 90 1.03463 0.271192 1.03464 0.00908078 1.23926 8.79744 21.1509 132.29 1 -5.08609e-17 0.0450002 10.3698 0.0473318 -89.7288 1 -135 0.245917 -169.63 0.0450002 -169.63 0.0473318 90.2712
0.890215 1 45 0.175992 -79.8636 1 0 0.984392 100.136 1 90 1.03301 0.264541 1.03302 0.00845546 1.22939 9.43029 21.6815 132.356 1 -2.27127e-17 0.043998 10.1364 0.0461709 -89.7355 1 -135 0.246098 -169.864 0.043998 -169.864 0.0461709 90.2645
0.911163 1 45 0.172067 -80.092 1 0 0.985085 99.908 1 90 1.03146 0.258072 1.03147 0.00787378 1.2199 10.0584 22.2238 132.421 1 -1.41954e-17 0.0430168 9.90803 0.0450419 -89.7419 1 -135 0.246271 -170.092 0.0430168 -170.092 0.0450419 90.2581
0.932603 1 45 0.168225 -80.3154 1 0 0.985749 99.6846 1 90 1.02999 0.251779 1.03 0.00733264 1.21078 10.6815 22.7782 132.484 1 2.61099e-17 0.0420561 9.68461 0.0439435 -89.7482 1 -135 0.246437 -170.315 0.0420561 -170.315 0.0439435 90.2518
0.954548 1 45 0.164463 -80.534 1 0 0.986383 99.466 1 90 1.02859 0.245656 1.02859 0.00682914 1.202 11.2994 23.3449 132.545 1 -1.87331e-17 0.0411157 9.46603 0.0428748 -89.7543 1 -135 0.246596 -170.534 0.0411157 -170.534 0.0428748 90.2457
0.97701 1 45 0.160781 -80.7478 1 0 0.98699 99.2522 1 90 1.02725 0.239696 1.02726 0.00636061 1.19356 11.9117 23.9242 132.604 1 9.46363e-18 0.0401952 9.25221 0.0418348 -89.7603 1 -135 0.246748 -170.748 0.0401952 -170.748 0.0418348 90.2397
1 1 45 0.157177 -80.9569 1 0 0.98757 99.0431 1 90 1.02598 0.233896 1.02599 0.00592459 1.18545 12.5184 24.5165 132.662 1 -3.95774e-17 0.0392942 9.04306 0.0408224 -89.7661 1 -135 0.246893 -170.957 0.0392942 -170.957 0.0408224 90.2339
1.02353 1 45 0.15365 -81.1615 1 0 0.988125 98.8385 1 90 1.02477 0.228249 1.02478 0.00551878 1.17765 13.1191 25.1221 132.719 1 -1.82963e-17 0.0384124 8.83848 0.0398369 -89.7718 1 -135 0.247031 -171.162 0.0384124 -171.162 0.0398369 90.2282
1.04762 1 45 0.150198 -81.3616 1 0 0.988656 98.6384 1 90 1.02362 0.222751 1.02362 0.00514105 1.17016 13.7136 25.7412 132.774 1 -9.70628e-18 0.0375494 8.63838 0.0388773 -89.7772 1 -135 0.247164 -171.362 0.0375494 -171.362 0.0388773 90.2228
1.07227 1 45 0.14682 -81.5573 1 0 0.989163 98.4427 1 90 1.02252 0.217397 1.02253 0.00478942 1.16297 14.3018 26.3743 132.827 1 -2.79056e-18 0.036705 8.44268 0.0379428 -89.7826 1 -135 0.247291 -171.557 0.036705 -171.557 0.0379428 90.2174
1.0975 1 45 0.143515 -81.7487 1 0 0.989648 98.2513 1 90 1.02147 0.212181 1.02148 0.00446206 1.15606 14.8835 27.0216 132.879 1 -2.12568e-17 0.0358787 8.25129 0.0370325 -89.7878 1 -135 0.247412 -171.749 0.0358787 -171.749 0.0370325 90.2122
1.12332 1 45 0.140281 -81.9359 1 0 0.990112 98.0641 1 90 1.02048 0.207101 1.02048 0.00415728 1.14943 15.4585 27.6836 132.93 1 -2.65709e-18 0.0350703 8.06411 0.0361459 -89.7929 1 -135 0.247528 -171.936 0.0350703 -171.936 0.0361459 90.2071
1.14976 1 45 0.137117 -82.1189 1 0 0.990555 97.8811 1 90 1.01953 0.202152 1.01954 0.00387349 1.14306 16.0267 28.3605 132.979 1 2.68743e-17 0.0342794 7.88108 0.0352821 -89.7978 1 -135 0.247639 -172.119 0.0342794 -172.119 0.0352821 90.2022
1.17681 1 45 0.134022 -82.2979 1 0 0.990978 97.7021 1 90 1.01863 0.197329 1.01863 0.00360922 1.13695 16.5879 29.0528 133.027 1 -2.24458e-18 0.0335056 7.70209 0.0344403 -89.8027 1 -135 0.247745 -172.298 0.0335056 -172.298 0.0344403 90.1973
1.2045 1 45 0.130995 -82.4729 1 0 0.991383 97.5271 1 90 1.01776 0.192629 1.01777 0.00336313 1.13108 17.1421 29.7607 133.074 1 -8.86912e-18 0.0327487 7.52707 0.0336201 -89.8074 1 -135 0.247846 -172.473 0.0327487 -172.473 0.0336201 90.1926
1.23285 1 45 0.128033 -82.6441 1 0 0.99177 97.3559 1 90 1.01694 0.188049 1.01695 0.00313393 1.12546 17.689 30.4848 133.12 1 2.09777e-17 0.0320083 7.35594 0.0328207 -89.812 1 -135 0.247942 -172.644 0.0320083 -172.644 0.0328207 90.188
1.26186 1 45 0.125136 -82.8114 1 0 0.99214 97.1886 1 90 1.01616 0.183584 1.01617 0.00292047 1.12006 18.2286 31.2254 133.165 1 -3.20914e-17 0.031284 7.18862 0.0320415 -89.8164 1 -135 0.248035 -172.811 0.031284 -172.811 0.0320415 90.1836
1.29155 1 45 0.122303 -82.975 1 0 0.992493 97.025 1 90 1.01541 0.179232 1.01542 0.00272164 1.11488 18.7608 31.9829 133.208 1 6.6488e-18 0.0305757 7.02502 0.0312818 -89.8208 1 -135 0.248123 -172.975 0.0305757 -172.975 0.0312818 90.1792
1.32194 1 45 0.119532 -83.1349 1 0 0.99283 96.8651 1 90 1.0147 0.174989 1.01471 0.00253644 1.10992 19.2855 32.7577 133.251 1 -4.41636e-18 0.0298829 6.86508 0.0305413 -89.825 1 -135 0.248208 -173.135 0.0298829 -173.135 0.0305413 90.175
1.35305 1 45 0.116822 -83.2913 1 0 0.993153 96.7087 1 90 1.01403 0.170852 1.01403 0.00236391 1.10516 19.8026 33.5502 133.292 1 -4.93807e-18 0.0292054 6.7087 0.0298192 -89.8291 1 -135 0.248288 -173.291 0.0292054 -173.291 0.0298192 90.1709
1.38489 1 45 0.114171 -83.4442 1 0 0.993461 96.5558 1 90 1.01338 0.166817 1.01338 0.00220319 1.1006 20.3122 34.3609 133.332 1 -3.3972e-18 0.0285428 6.55583 0.0291151 -89.8332 1 -135 0.248365 -173.444 0.0285428 -173.444 0.0291151 90.1668
1.41747 1 45 0.11158 -83.5936 1 0 0.993756 96.4064 1 90 1.01276 0.162883 1.01277 0.00205345 1.09623 20.8141 35.1901 133.372 1 3.17881e-18 0.0278949 6.40638 0.0284284 -89.8371 1 -135 0.248439 -173.594 0.0278949 -173.594 0.0284284 90.1629
1.45083 1 45 0.109045 -83.7397 1 0 0.994037 96.2603 1 90 1.01218 0.159046 1.01218 0.00191394 1.09204 21.3083 36.0384 133.41 1 -5.49618e-18 0.0272613 6.26028 0.0277588 -89.841 1 -135 0.248509 -173.74 0.0272613 -173.74 0.0277588 90.159
1.48497 1 45 0.106567 -83.8825 1 0 0.994306 96.1175 1 90 1.01162 0.155304 1.01162 0.00178396 1.08802 21.7947 36.9062 133.447 1 -9.31803e-18 0.0266418 6.11746 0.0271056 -89.8447 1 -135 0.248576 -173.883 0.0266418 -173.883 0.0271056 90.1553
1.51991 1 45 0.104144 -84.0222 1 0 0.994562 95.9778 1 90 1.01108 0.151653 1.01109 0.00166285 1.08418 22.2735 37.7939 133.484 1 8.97831e-18 0.026036 5.97785 0.0264685 -89.8483 1 -135 0.248641 -174.022 0.026036 -174.022 0.0264685 90.1517
1.55568 1 45 0.101775 -84.1586 1 0 0.994807 95.8414 1 90 1.01057 0.148092 1.01058 0.00155 1.08049 22.7445 38.7021 133.519 1 1.72287e-18 0.0254437 5.84138 0.0258469 -89.8519 1 -135 0.248702 -174.159 0.0254437 -174.159 0.0258469 90.1481
1.59228 1 45 0.0994583 -84.292 1 0 0.995042 95.708 1 90 1.01009 0.144618 1.01009 0.00144484 1.07696 23.2077 39.6312 133.554 1 1.17689e-18 0.0248646 5.70798 0.0252406 -89.8554 1 -135 0.24876 -174.292 0.0248646 -174.292 0.0252406 90.1446
1.62975 1 45 0.0971936 -84.4224 1 0 0.995265 95.5776 1 90 1.00963 0.141228 1.00963 0.00134685 1.07359 23.6632 40.5818 133.588 1 -8.71139e-18 0.0242984 5.57759 0.024649 -89.8588 1 -135 0.248816 -174.422 0.0242984 -174.422 0.024649 90.1412
1.6681 1 45 0.0949796 -84.5499 1 0 0.995479 95.4501 1 90 1.00918 0.137921 1.00919 0.00125553 1.07035 24.111 41.5543 133.621 1 -2.5843e-18 0.0237449 5.45014 0.0240718 -89.8621 1 -135 0.24887 -174.55 0.0237449 -174.55 0.0240718 90.1379
1.70735 1 45 0.092815 -84.6744 1 0 0.995683 95.3256 1 90 1.00876 0.134694 1.00877 0.00117042 1.06725 24.551 42.5493 133.653 1 -5.03513e-18 0.0232037 5.32557 0.0235086 -89.8653 1 -135 0.248921 -174.674 0.0232037 -174.674 0.0235086 90.1347
1.74753 1 45 0.0906989 -84.7962 1 0 0.995878 95.2038 1 90 1.00836 0.131545 1.00836 0.0010911 1.06429 24.9835 43.5674 133.685 1 -3.19094e-18 0.0226747 5.20382 0.022959 -89.8685 1 -135 0.24897 -174.796 0.0226747 -174.796 0.022959 90.1315
1.78865 1 45 0.0886303 -84.9152 1 0 0.996065 95.0848 1 90 1.00798 0.128472 1.00798 0.00101718 1.06145 25.4082 44.609 133.715 1 1.05556e-18 0.0221576 5.08482 0.0224226 -89.8715 1 -135 0.249016 -174.915 0.0221576 -174.915 0.0224226 90.1285
1.83074 1 45 0.0866082 -85.0315 1 0 0.996242 94.9685 1 90 1.00761 0.125473 1.00762 0.000948281 1.05874 25.8254 45.6747 133.745 1 8.22607e-18 0.021652 4.96851 0.0218992 -89.8745 1 -135 0.249061 -175.031 0.021652 -175.031 0.0218992 90.1255
1.87382 1 45 0.0846315 -85.1452 1 0 0.996412 94.8548 1 90 1.00726 0.122546 1.00727 0.000884064 1.05614 26.2351 46.7651 133.775 1 -2.07472e-18 0.0211579 4.85483 0.0213883 -89.8775 1 -135 0.249103 -175.145 0.0211579 -175.145 0.0213883 90.1225
1.91791 1 45 0.0826993 -85.2563 1 0 0.996575 94.7437 1 90 1.00693 0.119689 1.00693 0.000824209 1.05365 26.6372 47.8809 133.803 1 -3.20307e-18 0.0206748 4.74374 0.0208897 -89.8803 1 -135 0.249144 -175.256 0.0206748 -175.256 0.0208897 90.1197
1.96304 1 45 0.0808106 -85.3648 1 0 0.996729 94.6352 1 90 1.00661 0.116901 1.00662 0.000768418 1.05127 27.032 49.0225 133.831 1 5.21713e-19 0.0202026 4.63516 0.020403 -89.8831 1 -135 0.249182 -175.365 0.0202026 -175.365 0.020403 90.1169
2.00923 1 45 0.0789644 -85.471 1 0 0.996877 94.529 1 90 1.00631 0.114179 1.00631 0.000716414 1.049 27.4193 50.1906 133.858 1 -2.13538e-18 0.0197411 4.52904 0.0199279 -89.8858 1 -135 0.249219 -175.471 0.0197411 -175.471 0.0199279 90.1142
2.05651 1 45 0.07716 -85.5747 1 0 0.997019 94.4253 1 90 1.00602 0.111522 1.00603 0.000667938 1.04682 27.7994 51.386 133.885 1 -9.49396e-18 0.01929 4.42534 0.0194642 -89.8885 1 -135 0.249255 -175.575 0.01929 -175.575 0.0194642 90.1115
2.1049 1 45 0.0753963 -85.676 1 0 0.997154 94.324 1 90 1.00575 0.108928 1.00575 0.000622751 1.04474 28.1723 52.6091 133.911 1 -2.83302e-18 0.0188491 4.32399 0.0190115 -89.8911 1 -135 0.249288 -175.676 0.0188491 -175.676 0.0190115 90.1089
2.15443 1 45 0.0736724 -85.7751 1 0 0.997282 94.2249 1 90 1.00549 0.106396 1.00549 0.000580628 1.04274 28.538 53.8606 133.936 1 1.32733e-17 0.0184181 4.22495 0.0185696 -89.8936 1 -135 0.249321 -175.775 0.0184181 -175.775 0.0185696 90.1064
2.20513 1 45 0.0719876 -85.8718 1 0 0.997406 94.1282 1 90 1.00523 0.103924 1.00524 0.000541361 1.04084 28.8966 55.1413 133.961 1 -2.05713e-17 0.0179969 4.12816 0.0181382 -89.8961 1 -135 0.249351 -175.872 0.0179969 -175.872 0.0181382 90.1039
2.25702 1 45 0.0703409 -85.9664 1 0 0.997523 94.0336 1 90 1.005 0.101511 1.005 0.000504755 1.03902 29.2483 56.4519 133.985 1 8.82665e-18 0.0175852 4.03357 0.017717 -89.8985 1 -135 0.249381 -175.966 0.0175852 -175.966 0.017717 90.1015
2.31013 1 45 0.0687315 -86.0589 1 0 0.997635 93.9411 1 90 1.00477 0.0991545 1.00477 0.000470629 1.03728 29.593 57.793 134.009 1 -6.06643e-19 0.0171829 3.94113 0.0173057 -89.9008 1 -135 0.249409 -176.059 0.0171829 -176.059 0.0173057 90.0992
2.36449 1 45 0.0671585 -86.1492 1 0 0.997742 93.8508 1 90 1.00455 0.0968539 1.00455 0.000438815 1.03561 29.9309 59.1653 134.032 1 -1.37708e-18 0.0167896 3.8508 0.0169042 -89.9031 1 -135 0.249436 -176.149 0.0167896 -176.149 0.0169042 90.0969
2.42013 1 45 0.0656213 -86.2375 1 0 0.997845 93.7625 1 90 1.00434 0.0946077 1.00434 0.000409156 1.03402 30.2621 60.5697 134.054 1 7.15838e-18 0.0164053 3.76253 0.0165121 -89.9054 1 -135 0.249461 -176.237 0.0164053 -176.237 0.0165121 90.0946
2.47708 1 45 0.0641189 -86.3237 1 0 0.997942 93.6763 1 90 1.00414 0.0924144 1.00415 0.000381505 1.0325 30.5867 62.0068 134.076 1 2.17178e-18 0.0160297 3.67627 0.0161293 -89.9076 1 -135 0.249486 -176.324 0.0160297 -176.324 0.0161293 90.0924
2.53536 1 45 0.0626507 -86.408 1 0 0.998036 93.592 1 90 1.00395 0.0902728 1.00396 0.000355726 1.03104 30.9047 63.4774 134.097 1 1.16354e-17 0.0156627 3.59197 0.0157556 -89.9097 1 -135 0.249509 -176.408 0.0156627 -176.408 0.0157556 90.0903
2.59502 1 45 0.0612158 -86.4904 1 0 0.998125 93.5096 1 90 1.00377 0.0881815 1.00378 0.000331692 1.02965 31.2162 64.9824 134.118 1 7.14625e-18 0.0153039 3.5096 0.0153906 -89.9118 1 -135 0.249531 -176.49 0.0153039 -176.49 0.0153906 90.0882
2.65609 1 45 0.0598135 -86.5709 1 0 0.99821 93.4291 1 90 1.0036 0.0861395 1.0036 0.000309284 1.02832 31.5214 66.5226 134.139 1 1.02341e-17 0.0149534 3.42911 0.0150342 -89.9139 1 -135 0.249552 -176.571 0.0149534 -176.571 0.0150342 90.0861
2.71859 1 45 0.0584432 -86.6495 1 0 0.998291 93.3505 1 90 1.00344 0.0841453 1.00344 0.000288392 1.02705 31.8204 68.0987 134.159 1 2.09898e-18 0.0146108 3.35046 0.0146861 -89.9159 1 -135 0.249573 -176.65 0.0146108 -176.65 0.0146861 90.0841
2.78256 1 45 0.057104 -86.7264 1 0 0.998368 93.2736 1 90 1.00328 0.082198 1.00328 0.000268913 1.02584 32.1131 69.7117 134.178 1 1.48627e-18 0.014276 3.2736 0.0143462 -89.9178 1 -135 0.249592 -176.726 0.014276 -176.726 0.0143462 90.0822
2.84804 1 45 0.0557953 -86.8015 1 0 0.998442 93.1985 1 90 1.00313 0.0802963 1.00313 0.000250752 1.02468 32.3998 71.3624 134.197 1 1.18295e-18 0.0139488 3.1985 0.0140143 -89.9197 1 -135 0.249611 -176.802 0.0139488 -176.802 0.0140143 90.0803
2.91505 1 45 0.0545164 -86.8749 1 0 0.998513 93.1251 1 90 1.00299 0.0784391 1.00299 0.000233819 1.02357 32.6806 73.0517 134.216 1 2.71776e-18 0.0136291 3.12511 0.0136902 -89.9216 1 -135 0.249628 -176.875 0.0136291 -176.875 0.0136902 90.0784
2.98365 1 45 0.0532667 -86.9466 1 0 0.99858 93.0534 1 90 1.00285 0.0766254 1.00285 0.000218031 1.02251 32.9554 74.7806 134.234 1 4.00384e-19 0.0133167 3.0534 0.0133736 -89.9234 1 -135 0.249645 -176.947 0.0133167 -176.947 0.0133736 90.0766
3.05386 1 45 0.0520454 -87.0167 1 0 0.998645 92.9833 1 90 1.00272 0.074854 1.00272 0.00020331 1.0215 33.2245 76.5498 134.252 1 -2.17178e-18 0.0130114 2.98333 0.0130645 -89.9251 1 -135 0.249661 -177.017 0.0130114 -177.017 0.0130645 90.0749
3.12572 1 45 0.050852 -87.0851 1 0 0.998706 92.9149 1 90 1.0026 0.0731241 1.0026 0.000189584 1.02053 33.4879 78.3605 134.269 1 2.52363e-18 0.012713 2.91486 0.0127626 -89.9269 1 -135 0.249677 -177.085 0.012713 -177.085 0.0127626 90.0731
3.19927 1 45 0.0496859 -87.152 1 0 0.998765 92.848 1 90 1.00248 0.0714345 1.00248 0.000176786 1.01961 33.7458 80.2136 134.286 1 1.10834e-17 0.0124215 2.84796 0.0124677 -89.9286 1 -135 0.249691 -177.152 0.0124215 -177.152 0.0124677 90.0714
3.27455 1 45 0.0485463 -87.2174 1 0 0.998821 92.7826 1 90 1.00237 0.0697844 1.00237 0.000164852 1.01872 33.9981 82.1101 134.302 1 2.37197e-18 0.0121366 2.78259 0.0121797 -89.9302 1 -135 0.249705 -177.217 0.0121366 -177.217 0.0121797 90.0698
3.3516 1 45 0.0474328 -87.2813 1 0 0.998874 92.7187 1 90 1.00226 0.0681727 1.00226 0.000153725 1.01788 34.2451 84.051 134.318 1 -4.91381e-18 0.0118582 2.71872 0.0118984 -89.9318 1 -135 0.249719 -177.281 0.0118582 -177.281 0.0118984 90.0682
3.43047 1 45 0.0463447 -87.3437 1 0 0.998926 92.6563 1 90 1.00216 0.0665986 1.00216 0.00014335 1.01707 34.4868 86.0373 134.334 1 -6.87326e-18 0.0115862 2.6563 0.0116236 -89.9334 1 -135 0.249731 -177.344 0.0115862 -177.344 0.0116236 90.0666
3.51119 1 45 0.0452814 -87.4047 1 0 0.998974 92.5953 1 90 1.00206 0.0650611 1.00206 0.000133676 1.0163 34.7233 88.0702 134.349 1 7.82569e-18 0.0113204 2.59532 0.0113553 -89.9349 1 -135 0.249744 -177.405 0.0113204 -177.405 0.0113553 90.0651
3.59381 1 45 0.0442424 -87.4643 1 0 0.999021 92.5357 1 90 1.00196 0.0635594 1.00197 0.000124655 1.01557 34.9546 90.1508 134.364 1 7.44957e-18 0.0110606 2.53573 0.0110932 -89.9364 1 -135 0.249755 -177.464 0.0110606 -177.464 0.0110932 90.0636
3.67838 1 45 0.0432272 -87.5225 1 0 0.999065 92.4775 1 90 1.00188 0.0620926 1.00188 0.000116243 1.01487 35.181 92.2801 134.379 1 -5.16253e-18 0.0108068 2.47751 0.0108372 -89.9379 1 -135 0.249766 -177.522 0.0108068 -177.522 0.0108372 90.0621
3.76494 1 45 0.0422352 -87.5794 1 0 0.999108 92.4206 1 90 1.00179 0.0606599 1.00179 0.000108399 1.0142 35.4025 94.4594 134.393 1 -5.38699e-18 0.0105588 2.42062 0.0105872 -89.9393 1 -135 0.249777 -177.579 0.0105588 -177.579 0.0105872 90.0607
3.85353 1 45 0.0412659 -87.635 1 0 0.999148 92.365 1 90 1.00171 0.0592605 1.00171 0.000101085 1.01355 35.6192 96.6897 134.407 1 -2.12325e-18 0.0103165 2.36503 0.0103429 -89.9407 1 -135 0.249787 -177.635 0.0103165 -177.635 0.0103429 90.0593
3.94421 1 45 0.0403188 -87.6893 1 0 0.999187 92.3107 1 90 1.00163 0.0578936 1.00163 9.42652e-05 1.01294 35.8312 98.9724 134.421 1 -7.14625e-18 0.0100797 2.31072 0.0101043 -89.9421 1 -135 0.249797 -177.689 0.0100797 -177.689 0.0101043 90.0579
4.03702 1 45 0.0393933 -87.7423 1 0 0.999224 92.2577 1 90 1.00156 0.0565585 1.00156 8.79056e-05 1.01236 36.0385 101.309 134.434 1 1.14959e-17 0.00984832 2.25765 0.00987131 -89.9434 1 -135 0.249806 -177.742 0.00984832 -177.742 0.00987131 90.0566
4.13201 1 45 0.038489 -87.7942 1 0 0.999259 92.2058 1 90 1.00149 0.0552543 1.00149 8.19752e-05 1.0118 36.2413 103.7 134.447 1 -6.46378e-18 0.00962225 2.2058 0.00964369 -89.9447 1 -135 0.249815 -177.794 0.00962225 -177.794 0.00964369 90.0553
4.22924 1 45 0.0376054 -87.8449 1 0 0.999293 92.1551 1 90 1.00142 0.0539803 1.00142 7.64452e-05 1.01127 36.4396 106.147 134.46 1 -1.51661e-20 0.00940135 2.15514 0.00942134 -89.946 1 -135 0.249823 -177.845 0.00940135 -177.845 0.00942134 90.054
4.32876 1 45 0.036742 -87.8944 1 0 0.999325 92.1056 1 90 1.00135 0.0527359 1.00135 7.12885e-05 1.01076 36.6336 108.651 134.473 1 -4.2647e-18 0.00918551 2.10564 0.00920415 -89.9473 1 -135 0.249831 -177.894 0.00918551 -177.894 0.00920415 90.0527
4.43062 1 45 0.0358984 -87.9427 1 0 0.999355 92.0573 1 90 1.00129 0.0515203 1.00129 6.64798e-05 1.01027 36.8233 111.214 134.485 1 4.84404e-18 0.00897461 2.05727 0.008992 -89.9485 1 -135 0.249839 -177.943 0.00897461 -177.943 0.008992 90.0515
4.53488 1 45 0.0350742 -87.99 1 0 0.999385 92.01 1 90 1.00123 0.0503329 1.00123 6.19956e-05 1.00981 37.0089 113.838 134.497 1 4.20403e-18 0.00876854 2.01001 0.00878475 -89.9497 1 -135 0.249846 -177.99 0.00876854 -177.99 0.00878475 90.0503
4.64159 1 45 0.0342688 -88.0362 1 0 0.999413 91.9638 1 90 1.00118 0.049173 1.00118 5.78141e-05 1.00936 37.1903 116.523 134.508 1 -5.29902e-18 0.00856719 1.96384 0.00858231 -89.9508 1 -135 0.249853 -178.036 0.00856719 -178.036 0.00858231 90.0492
4.75081 1 45 0.0334818 -88.0813 1 0 0.999439 91.9187 1 90 1.00112 0.04804 1.00112 5.39147e-05 1.00894 37.3677 119.271 134.52 1 9.70628e-20 0.00837045 1.91872 0.00838455 -89.952 1 -135 0.24986 -178.081 0.00837045 -178.081 0.00838455 90.048
4.8626 1 45 0.0327129 -88.1254 1 0 0.999465 91.8746 1 90 1.00107 0.0469331 1.00107 5.02785e-05 1.00853 37.5412 122.084 134.531 1 4.2374e-18 0.00817822 1.87465 0.00819137 -89.9531 1 -135 0.249866 -178.125 0.00817822 -178.125 0.00819137 90.0469
4.97702 1 45 0.0319616 -88.1684 1 0 0.999489 91.8316 1 90 1.00102 0.0458519 1.00102 4.68876e-05 1.00815 37.7108 124.962 134.541 1 3.2607e-18 0.0079904 1.83158 0.00800266 -89.9541 1 -135 0.249872 -178.168 0.0079904 -178.168 0.00800266 90.0459
5.09414 1 45 0.0312275 -88.2105 1 0 0.999512 91.7895 1 90 1.00098 0.0447957 1.00098 4.37255e-05 1.00778 37.8766 127.909 134.552 1 -5.55381e-18 0.00780688 1.7895 0.00781832 -89.9552 1 -135 0.249878 -178.211 0.00780688 -178.211 0.00781832 90.0448
5.21401 1 45 0.0305103 -88.2516 1 0 0.999534 91.7484 1 90 1.00093 0.0437639 1.00093 4.07767e-05 1.00743 38.0388 130.924 134.562 1 -3.54886e-18 0.00762757 1.74838 0.00763824 -89.9562 1 -135 0.249884 -178.252 0.00762757 -178.252 0.00763824 90.0438
5.3367 1 45 0.0298095 -88.2918 1 0 0.999556 91.7082 1 90 1.00089 0.0427559 1.00089 3.80269e-05 1.00709 38.1973 134.01 134.572 1 -8.493e-20 0.00745237 1.70821 0.00746232 -89.9572 1 -135 0.249889 -178.292 0.00745237 -178.292 0.00746232 90.0428
5.46228 1 45 0.0291247 -88.331 1 0 0.999576 91.669 1 90 1.00085 0.0417713 1.00085 3.54626e-05 1.00677 38.3523 137.169 134.582 1 -5.69637e-18 0.00728119 1.66896 0.00729046 -89.9582 1 -135 0.249894 -178.331 0.00728119 -178.331 0.00729046 90.0418
5.59081 1 45 0.0284557 -88.3694 1 0 0.999595 91.6306 1 90 1.00081 0.0408094 1.00081 3.30713e-05 1.00646 38.5038 140.402 134.592 1 3.81882e-18 0.00711393 1.63061 0.00712258 -89.9592 1 -135 0.249899 -178.369 0.00711393 -178.369 0.00712258 90.0408
5.72237 1 45 0.027802 -88.4069 1 0 0.999613 91.5931 1 90 1.00077 0.0398697 1.00077 3.08412e-05 1.00617 38.6519 143.711 134.601 1 -2.25671e-18 0.00695051 1.59314 0.00695858 -89.9601 1 -135 0.249903 -178.407 0.00695051 -178.407 0.00695858 90.0399
5.85702 1 45 0.0271633 -88.4435 1 0 0.999631 91.5565 1 90 1.00074 0.0389517 1.00074 2.87616e-05 1.00589 38.7967 147.098 134.61 1 4.27076e-18 0.00679083 1.55654 0.00679836 -89.961 1 -135 0.249908 -178.443 0.00679083 -178.443 0.00679836 90.039
5.99484 1 45 0.0265393 -88.4792 1 0 0.999648 91.5208 1 90 1.00071 0.0380549 1.00071 2.68223e-05 1.00562 38.9382 150.564 134.619 1 7.88635e-20 0.00663482 1.52077 0.00664184 -89.9619 1 -135 0.249912 -178.479 0.00663482 -178.479 0.00664184 90.0381
6.13591 1 45 0.0259296 -88.5142 1 0 0.999664 91.4858 1 90 1.00067 0.0371789 1.00067 2.50137e-05 1.00537 39.0766 154.112 134.628 1 1.48627e-19 0.00648239 1.48582 0.00648894 -89.9628 1 -135 0.249916 -178.514 0.00648239 -178.514 0.00648894 90.0372
6.28029 1 45 0.0253338 -88.5483 1 0 0.999679 91.4517 1 90 1.00064 0.036323 1.00064 2.33272e-05 1.00512 39.2118 157.743 134.637 1 2.59036e-18 0.00633346 1.45168 0.00633956 -89.9637 1 -135 0.24992 -178.548 0.00633346 -178.548 0.00633956 90.0363
6.42807 1 45 0.0247518 -88.5817 1 0 0.999694 91.4183 1 90 1.00061 0.0354869 1.00061 2.17544e-05 1.00489 39.344 161.459 134.645 1 -2.48723e-18 0.00618794 1.41832 0.00619363 -89.9645 1 -135 0.249923 -178.582 0.00618794 -178.582 0.00619363 90.0355
6.57933 1 45 0.0241831 -88.6143 1 0 0.999708 91.3857 1 90 1.00059 0.0346701 1.00059 2.02876e-05 1.00467 39.4732 165.263 134.653 1 -3.00288e-19 0.00604577 1.38572 0.00605107 -89.9653 1 -135 0.249927 -178.614 0.00604577 -178.614 0.00605107 90.0347
6.73415 1 45 0.0236274 -88.6461 1 0 0.999721 91.3539 1 90 1.00056 0.0338721 1.00056 1.89198e-05 1.00446 39.5995 169.156 134.661 1 -3.76725e-18 0.00590685 1.35388 0.0059118 -89.9661 1 -135 0.24993 -178.646 0.00590685 -178.646 0.0059118 90.0339
6.89261 1 45 0.0230845 -88.6772 1 0 0.999734 91.3228 1 90 1.00053 0.0330926 1.00053 1.76442e-05 1.00426 39.723 173.141 134.669 1 -1.79566e-18 0.00577113 1.32276 0.00577574 -89.9669 1 -135 0.249933 -178.677 0.00577113 -178.677 0.00577574 90.0331
7.0548 1 45 0.0225541 -88.7076 1 0 0.999746 91.2924 1 90 1.00051 0.032331 1.00051 1.64547e-05 1.00406 39.8436 177.219 134.677 1 -1.17082e-18 0.00563852 1.29236 0.00564282 -89.9677 1 -135 0.249936 -178.708 0.00563852 -178.708 0.00564282 90.0323
7.22081 1 45 0.0220358 -88.7373 1 0 0.999757 91.2627 1 90 1.00049 0.031587 1.00049 1.53453e-05 1.00388 39.9616 181.393 134.684 1 3.09388e-19 0.00550895 1.26266 0.00551297 -89.9684 1 -135 0.249939 -178.737 0.00550895 -178.737 0.00551297 90.0316
7.39072 1 45 0.0215294 -88.7664 1 0 0.999768 91.2336 1 90 1.00046 0.0308601 1.00046 1.43108e-05 1.0037 40.0768 185.666 134.691 1 2.78752e-18 0.00538236 1.23364 0.0053861 -89.9691 1 -135 0.249942 -178.766 0.00538236 -178.766 0.0053861 90.0309
7.56463 1 45 0.0210347 -88.7947 1 0 0.999779 91.2053 1 90 1.00044 0.03015 1.00044 1.3346e-05 1.00353 40.1895 190.038 134.699 1 -1.98979e-18 0.00525867 1.20529 0.00526217 -89.9699 1 -135 0.249945 -178.795 0.00525867 -178.795 0.00526217 90.0301
7.74264 1 45 0.0205513 -88.8224 1 0 0.999789 91.1776 1 90 1.00042 0.0294562 1.00042 1.24463e-05 1.00337 40.2996 194.514 134.705 1 -2.48723e-19 0.00513783 1.17759 0.00514108 -89.9705 1 -135 0.249947 -178.822 0.00513783 -178.822 0.00514108 90.0295
7.92483 1 45 0.020079 -88.8495 1 0 0.999798 91.1505 1 90 1.0004 0.0287785 1.0004 1.16072e-05 1.00322 40.4072 199.095 134.712 1 -2.89975e-18 0.00501976 1.15052 0.00502279 -89.9712 1 -135 0.24995 -178.849 0.00501976 -178.849 0.00502279 90.0288
8.11131 1 45 0.0196176 -88.8759 1 0 0.999808 91.1241 1 90 1.00039 0.0281164 1.00039 1.08247e-05 1.00308 40.5123 203.783 134.719 1 -3.94318e-18 0.0049044 1.12408 0.00490723 -89.9719 1 -135 0.249952 -178.876 0.0049044 -178.876 0.00490723 90.0281
8.30218 1 45 0.0191667 -88.9018 1 0 0.999816 91.0982 1 90 1.00037 0.0274695 1.00037 1.0095e-05 1.00294 40.6151 208.582 134.725 1 -5.8996e-19 0.00479169 1.09824 0.00479433 -89.9725 1 -135 0.249954 -178.902 0.00479169 -178.902 0.00479433 90.0275
8.49753 1 45 0.0187263 -88.927 1 0 0.999825 91.073 1 90 1.00035 0.0268375 1.00035 9.41448e-06 1.0028 40.7155 213.494 134.732 1 -2.94222e-18 0.00468156 1.073 0.00468403 -89.9732 1 -135 0.249956 -178.927 0.00468156 -178.927 0.00468403 90.0268
8.69749 1 45 0.0182959 -88.9517 1 0 0.999833 91.0483 1 90 1.00033 0.0262201 1.00033 8.77984e-06 1.00268 40.8137 218.521 134.738 1 -4.09484e-19 0.00457397 1.04834 0.00457627 -89.9738 1 -135 0.249958 -178.952 0.00457397 -178.952 0.00457627 90.0262
8.90215 1 45 0.0178754 -88.9758 1 0 0.99984 91.0242 1 90 1.00032 0.0256169 1.00032 8.18798e-06 1.00255 40.9096 223.666 134.744 1 9.96411e-19 0.00446885 1.02424 0.00447099 -89.9744 1 -135 0.24996 -178.976 0.00446885 -178.976 0.00447099 90.0256
9.11163 1 45 0.0174646 -88.9993 1 0 0.999847 91.0007 1 90 1.00031 0.0250276 1.00031 7.63603e-06 1.00244 41.0033 228.932 134.75 1 6.29392e-19 0.00436614 1.0007 0.00436814 -89.975 1 -135 0.249962 -178.999 0.00436614 -178.999 0.00436814 90.025
9.32603 1 45 0.0170632 -89.0223 1 0 0.999854 90.9777 1 90 1.00029 0.0244519 1.00029 7.12129e-06 1.00233 41.0949 234.323 134.755 1 -2.12628e-18 0.00426579 0.977696 0.00426766 -89.9755 1 -135 0.249964 -179.022 0.00426579 -179.022 0.00426766 90.0245
9.54548 1 45 0.016671 -89.0448 1 0 0.999861 90.9552 1 90 1.00028 0.0238894 1.00028 6.64125e-06 1.00222 41.1844 239.84 134.761 1 -2.17481e-18 0.00416775 0.955223 0.00416949 -89.9761 1 -135 0.249965 -179.045 0.00416775 -179.045 0.00416949 90.0239
9.7701 1 45 0.0162878 -89.0667 1 0 0.999867 90.9333 1 90 1.00027 0.0233399 1.00027 6.19357e-06 1.00212 41.2719 245.486 134.767 1 2.04439e-18 0.00407196 0.933266 0.00407358 -89.9767 1 -135 0.249967 -179.067 0.00407196 -179.067 0.00407358 90.0233
10 1 45 0.0159135 -89.0882 1 0 0.999873 90.9118 1 90 1.00025 0.022803 1.00025 5.77608e-06 1.00202 41.3574 251.266 134.772 1 -3.39265e-18 0.00397837 0.911814 0.00397988 -89.9772 1 -135 0.249968 -179.088 0.00397837 -179.088 0.00397988 90.0228
10.2353 1 45 0.0155477 -89.1091 1 0 0.999879 90.8909 1 90 1.00024 0.0222785 1.00024 5.38673e-06 1.00193 41.4409 257.181 134.777 1 2.85274e-18 0.00388693 0.890854 0.00388834 -89.9777 1 -135 0.24997 -179.109 0.00388693 -179.109 0.00388834 90.0223
10.4762 1 45 0.0151904 -89.1296 1 0 0.999885 90.8704 1 90 1.00023 0.0217661 1.00023 5.02362e-06 1.00184 41.5225 263.236 134.782 1 1.75623e-18 0.00379759 0.870377 0.0037989 -89.9782 1 -135 0.249971 -179.13 0.00379759 -179.13 0.0037989 90.0218
10.7227 1 45 0.0148412 -89.1496 1 0 0.99989 90.8504 1 90 1.00022 0.0212655 1.00022 4.685e-06 1.00176 41.6023 269.433 134.787 1 -7.6892e-19 0.0037103 0.85037 0.00371153 -89.9787 1 -135 0.249972 -179.15 0.0037103 -179.15 0.00371153 90.0213
10.975 1 45 0.0145001 -89.1692 1 0 0.999895 90.8308 1 90 1.00021 0.0207764 1.00021 4.3692e-06 1.00168 41.6802 275.775 134.792 1 -5.52045e-19 0.00362502 0.830823 0.00362616 -89.9792 1 -135 0.249974 -179.169 0.00362502 -179.169 0.00362616 90.0208
11.2332 1 45 0.0141668 -89.1883 1 0 0.9999 90.8117 1 90 1.0002 0.0202985 1.0002 4.07469e-06 1.0016 41.7564 282.267 134.797 1 1.94126e-19 0.0035417 0.811725 0.00354276 -89.9797 1 -135 0.249975 -179.188 0.0035417 -179.188 0.00354276 90.0203
11.4976 1 45 0.0138412 -89.2069 1 0 0.999904 90.7931 1 90 1.00019 0.0198317 1.00019 3.80004e-06 1.00153 41.8308 288.912 134.802 1 -6.24842e-19 0.00346029 0.793065 0.00346128 -89.9802 1 -135 0.249976 -179.207 0.00346029 -179.207 0.00346128 90.0198
11.7681 1 45 0.013523 -89.2252 1 0 0.999909 90.7748 1 90 1.00018 0.0193756 1.00018 3.5439e-06 1.00146 41.9035 295.713 134.806 1 1.33461e-19 0.00338075 0.774835 0.00338168 -89.9806 1 -135 0.249977 -179.225 0.00338075 -179.225 0.00338168 90.0194
12.045 1 45 0.0132122 -89.243 1 0 0.999913 90.757 1 90 1.00017 0.01893 1.00017 3.30502e-06 1.0014 41.9745 302.674 134.811 1 -1.88059e-19 0.00330304 0.757024 0.00330391 -89.9811 1 -135 0.249978 -179.243 0.00330304 -179.243 0.00330391 90.0189
12.3285 1 45 0.0129085 -89.2604 1 0 0.999917 90.7396 1 90 1.00017 0.0184946 1.00017 3.08225e-06 1.00133 42.044 309.798 134.815 1 3.54886e-19 0.00322712 0.739622 0.00322792 -89.9815 1 -135 0.249979 -179.26 0.00322712 -179.26 0.00322792 90.0185
12.6186 1 45 0.0126118 -89.2774 1 0 0.99992 90.7226 1 90 1.00016 0.0180693 1.00016 2.8745e-06 1.00127 42.1118 317.09 134.819 1 1.6076e-19 0.00315294 0.722619 0.00315369 -89.9819 1 -135 0.24998 -179.277 0.00315294 -179.277 0.00315369 90.0181
12.9155 1 45 0.0123219 -89.294 1 0 0.999924 90.706 1 90 1.00015 0.0176538 1.00015 2.68075e-06 1.00121 42.1781 324.554 134.823 1 1.07376e-18 0.00308046 0.706008 0.00308117 -89.9823 1 -135 0.249981 -179.294 0.00308046 -179.294 0.00308117 90.0177
13.2194 1 45 0.0120386 -89.3102 1 0 0.999928 90.6898 1 90 1.00014 0.0172478 1.00014 2.50006e-06 1.00116 42.2429 332.193 134.828 1 -1.12381e-18 0.00300965 0.689779 0.00301031 -89.9828 1 -135 0.249982 -179.31 0.00300965 -179.31 0.00301031 90.0172
13.5305 1 45 0.0117619 -89.3261 1 0 0.999931 90.6739 1 90 1.00014 0.0168512 1.00014 2.33154e-06 1.00111 42.3062 340.012 134.831 1 -1.57727e-18 0.00294047 0.673922 0.00294108 -89.9831 1 -135 0.249983 -179.326 0.00294047 -179.326 0.00294108 90.0169
13.8489 1 45 0.0114915 -89.3416 1 0 0.999934 90.6584 1 90 1.00013 0.0164636 1.00013 2.17439e-06 1.00106 42.368 348.015 134.835 1 1.16627e-18 0.00287288 0.65843 0.00287345 -89.9835 1 -135 0.249983 -179.342 0.00287288 -179.342 0.00287345 90.0165
14.1747 1 45 0.0112274 -89.3567 1 0 0.999937 90.6433 1 90 1.00013 0.016085 1.00013 2.02783e-06 1.00101 42.4284 356.207 134.839 1 -5.74794e-19 0.00280684 0.643294 0.00280737 -89.9839 1 -135 0.249984 -179.357 0.00280684 -179.357 0.00280737 90.0161
14.5083 1 45 0.0109693 -89.3715 1 0 0.99994 90.6285 1 90 1.00012 0.0157152 1.00012 1.89115e-06 1.00096 42.4875 364.591 134.843 1 -4.03417e-19 0.00274232 0.628506 0.00274281 -89.9843 1 -135 0.249985 -179.371 0.00274232 -179.371 0.00274281 90.0157
14.8497 1 45 0.0107171 -89.3859 1 0 0.999943 90.6141 1 90 1.00011 0.0153538 1.00011 1.76369e-06 1.00092 42.5452 373.172 134.846 1 -1.12229e-18 0.00267928 0.614057 0.00267974 -89.9846 1 -135 0.249986 -179.386 0.00267928 -179.386 0.00267974 90.0154
15.1991 1 45 0.0104708 -89.4001 1 0 0.999945 90.5999 1 90 1.00011 0.0150007 1.00011 1.64481e-06 1.00088 42.6015 381.955 134.85 1 -3.41236e-19 0.00261769 0.599941 0.00261812 -89.985 1 -135 0.249986 -179.4 0.00261769 -179.4 0.00261812 90.015
15.5568 1 45 0.0102301 -89.4139 1 0 0.999948 90.5861 1 90 1.0001 0.0146558 1.0001 1.53395e-06 1.00084 42.6566 390.944 134.853 1 4.09484e-19 0.00255752 0.58615 0.00255792 -89.9853 1 -135 0.249987 -179.414 0.00255752 -179.414 0.00255792 90.0147
15.9228 1 45 0.00999489 -89.4273 1 0 0.99995 90.5727 1 90 1.0001 0.0143188 1.0001 1.43056e-06 1.0008 42.7104 400.146 134.857 1 -2.91188e-19 0.00249872 0.572675 0.0024991 -89.9857 1 -135 0.249988 -179.427 0.00249872 -179.427 0.0024991 90.0143
16.2975 1 45 0.00976513 -89.4405 1 0 0.999952 90.5595 1 90 1.0001 0.0139895 1.0001 1.33414e-06 1.00076 42.763 409.563 134.86 1 -7.24938e-19 0.00244128 0.55951 0.00244163 -89.986 1 -135 0.249988 -179.44 0.00244128 -179.44 0.00244163 90.014
16.681 1 45 0.00954065 -89.4534 1 0 0.999954 90.5466 1 90 1.00009 0.0136678 1.00009 1.24422e-06 1.00073 42.8144 419.202 134.863 1 2.25974e-19 0.00238516 0.546647 0.00238549 -89.9863 1 -135 0.249989 -179.453 0.00238516 -179.453 0.00238549 90.0137
17.0735 1 45 0.00932133 -89.4659 1 0 0.999957 90.5341 1 90 1.00009 0.0133536 1.00009 1.16036e-06 1.00069 42.8646 429.068 134.866 1 -5.07305e-19 0.00233033 0.534081 0.00233064 -89.9866 1 -135 0.249989 -179.466 0.00233033 -179.466 0.00233064 90.0134
17.4753 1 45 0.00910705 -89.4782 1 0 0.999959 90.5218 1 90 1.00008 0.0130465 1.00008 1.08215e-06 1.00066 42.9137 439.166 134.87 1 1.99434e-19 0.00227676 0.521803 0.00227705 -89.987 1 -135 0.24999 -179.478 0.00227676 -179.478 0.00227705 90.013
17.8865 1 45 0.0088977 -89.4902 1 0 0.99996 90.5098 1 90 1.00008 0.0127465 1.00008 1.00921e-06 1.00063 42.9616 449.502 134.873 1 2.46297e-18 0.00222442 0.509807 0.00222469 -89.9873 1 -135 0.24999 -179.49 0.00222442 -179.49 0.00222469 90.0127
18.3074 1 45 0.00869316 -89.5019 1 0 0.999962 90.4981 1 90 1.00008 0.0124534 1.00008 9.41189e-07 1.0006 43.0084 460.081 134.875 1 -2.30524e-19 0.00217329 0.498087 0.00217354 -89.9875 1 -135 0.249991 -179.502 0.00217329 -179.502 0.00217354 90.0125
18.7382 1 45 0.00849331 -89.5134 1 0 0.999964 90.4866 1 90 1.00007 0.0121671 1.00007 8.77753e-07 1.00058 43.0542 470.909 134.878 1 -4.62565e-19 0.00212333 0.486637 0.00212356 -89.9878 1 -135 0.249991 -179.513 0.00212333 -179.513 0.00212356 90.0122
19.1791 1 45 0.00829807 -89.5246 1 0 0.999966 90.4754 1 90 1.00007 0.0118873 1.00007 8.18593e-07 1.00055 43.0989 481.991 134.881 1 -1.32855e-18 0.00207452 0.47545 0.00207473 -89.9881 1 -135 0.249991 -179.525 0.00207452 -179.525 0.00207473 90.0119
19.6304 1 45 0.00810731 -89.5355 1 0 0.999967 90.4645 1 90 1.00007 0.011614 1.00007 7.6342e-07 1.00053 43.1425 493.335 134.884 1 9.13756e-19 0.00202683 0.46452 0.00202703 -89.9884 1 -135 0.249992 -179.535 0.00202683 -179.535 0.00202703 90.0116
20.0923 1 45 0.00792093 -89.5462 1 0 0.999969 90.4538 1 90 1.00006 0.011347 1.00006 7.11966e-07 1.0005 43.1852 504.945 134.887 1 -1.04115e-18 0.00198023 0.453841 0.00198042 -89.9887 1 -135 0.249992 -179.546 0.00198023 -179.546 0.00198042 90.0113
20.5651 1 45 0.00773884 -89.5566 1 0 0.99997 90.4434 1 90 1.00006 0.0110861 1.00006 6.6398e-07 1.00048 43.2269 516.828 134.889 1 5.30812e-20 0.00193471 0.443407 0.00193488 -89.9889 1 -135 0.249993 -179.557 0.00193471 -179.557 0.00193488 90.0111
21.049 1 45 0.00756093 -89.5668 1 0 0.999971 90.4332 1 90 1.00006 0.0108312 1.00006 6.19228e-07 1.00046 43.2676 528.991 134.892 1 -1.17765e-18 0.00189023 0.433214 0.0018904 -89.9892 1 -135 0.249993 -179.567 0.00189023 -179.567 0.0018904 90.0108
21.5443 1 45 0.00738712 -89.5767 1 0 0.999973 90.4233 1 90 1.00005 0.0105821 1.00005 5.77493e-07 1.00044 43.3074 541.44 134.894 1 -3.85976e-19 0.00184678 0.423254 0.00184693 -89.9894 1 -135 0.249993 -179.577 0.00184678 -179.577 0.00184693 90.0106
22.0513 1 45 0.0072173 -89.5865 1 0 0.999974 90.4135 1 90 1.00005 0.0103388 1.00005 5.38571e-07 1.00042 43.3463 554.182 134.897 1 -9.47879e-20 0.00180432 0.413524 0.00180446 -89.9897 1 -135 0.249993 -179.586 0.00180432 -179.586 0.00180446 90.0103
22.5702 1 45 0.00705138 -89.596 1 0 0.999975 90.404 1 90 1.00005 0.0101011 1.00005 5.02272e-07 1.0004 43.3843 567.224 134.899 1 4.75456e-19 0.00176284 0.404018 0.00176298 -89.9899 1 -135 0.249994 -179.596 0.00176284 -179.596 0.00176298 90.0101
23.1013 1 45 0.00688927 -89.6053 1 0 0.999976 90.3947 1 90 1.00005 0.00986886 1.00005 4.68419e-07 1.00038 43.4215 580.572 134.901 1 5.5887e-19 0.00172232 0.394729 0.00172244 -89.9901 1 -135 0.249994 -179.605 0.00172232 -179.605 0.00172244 90.0099
23.6449 1 45 0.0067309 -89.6143 1 0 0.999977 90.3857 1 90 1.00005 0.00964195 1.00005 4.36848e-07 1.00036 43.4577 594.235 134.904 1 7.06739e-19 0.00168272 0.385655 0.00168284 -89.9904 1 -135 0.249994 -179.614 0.00168272 -179.614 0.00168284 90.0096
24.2013 1 45 0.00657616 -89.6232 1 0 0.999978 90.3768 1 90 1.00004 0.00942027 1.00004 4.07405e-07 1.00035 43.4932 608.219 134.906 1 -1.33992e-18 0.00164404 0.376789 0.00164415 -89.9906 1 -135 0.249995 -179.623 0.00164404 -179.623 0.00164415 90.0094
24.7708 1 45 0.00642498 -89.6319 1 0 0.999979 90.3681 1 90 1.00004 0.00920368 1.00004 3.79947e-07 1.00033 43.5278 622.532 134.908 1 -3.33653e-19 0.00160624 0.368127 0.00160634 -89.9908 1 -135 0.249995 -179.632 0.00160624 -179.632 0.00160634 90.0092
25.3536 1 45 0.00627728 -89.6403 1 0 0.99998 90.3597 1 90 1.00004 0.00899207 1.00004 3.54339e-07 1.00032 43.5616 637.182 134.91 1 9.80486e-19 0.00156932 0.359664 0.00156941 -89.991 1 -135 0.249995 -179.64 0.00156932 -179.64 0.00156941 90.009
25.9502 1 45 0.00613297 -89.6486 1 0 0.999981 90.3514 1 90 1.00004 0.00878532 1.00004 3.30457e-07 1.0003 43.5947 652.177 134.912 1 -4.6029e-19 0.00153324 0.351395 0.00153333 -89.9912 1 -135 0.249995 -179.649 0.00153324 -179.649 0.00153333 90.0088
26.5609 1 45 0.00599197 -89.6567 1 0 0.999982 90.3433 1 90 1.00004 0.00858333 1.00004 3.08185e-07 1.00029 43.627 667.524 134.914 1 -1.41424e-18 0.00149799 0.343317 0.00149807 -89.9914 1 -135 0.249996 -179.657 0.00149799 -179.657 0.00149807 90.0086
27.1859 1 45 0.00585422 -89.6646 1 0 0.999983 90.3354 1 90 1.00003 0.00838599 1.00003 2.87414e-07 1.00027 43.6585 683.233 134.916 1 -1.21859e-18 0.00146356 0.335424 0.00146363 -89.9916 1 -135 0.249996 -179.665 0.00146356 -179.665 0.00146363 90.0084
27.8256 1 45 0.00571964 -89.6723 1 0 0.999984 90.3277 1 90 1.00003 0.00819318 1.00003 2.68043e-07 1.00026 43.6894 699.311 134.918 1 4.94414e-19 0.00142991 0.327713 0.00142998 -89.9918 1 -135 0.249996 -179.672 0.00142991 -179.672 0.00142998 90.0082
28.4804 1 45 0.00558815 -89.6798 1 0 0.999984 90.3202 1 90 1.00003 0.00800481 1.00003 2.49977e-07 1.00025 43.7195 715.768 134.92 1 8.11385e-20 0.00139704 0.320179 0.0013971 -89.992 1 -135 0.249996 -179.68 0.00139704 -179.68 0.0013971 90.008
29.1505 1 45 0.00545968 -89.6872 1 0 0.999985 90.3128 1 90 1.00003 0.00782077 1.00003 2.33129e-07 1.00024 43.7489 732.612 134.922 1 1.88059e-19 0.00136492 0.312818 0.00136498 -89.9922 1 -135 0.249996 -179.687 0.00136492 -179.687 0.00136498 90.0078
29.8365 1 45 0.00533417 -89.6944 1 0 0.999986 90.3056 1 90 1.00003 0.00764096 1.00003 2.17417e-07 1.00023 43.7777 749.852 134.924 1 -9.73661e-19 0.00133354 0.305627 0.0013336 -89.9924 1 -135 0.249996 -179.694 0.00133354 -179.694 0.0013336 90.0076
30.5386 1 45 0.00521154 -89.7014 1 0 0.999986 90.2986 1 90 1.00003 0.00746528 1.00003 2.02763e-07 1.00022 43.8058 767.497 134.925 1 3.21521e-19 0.00130288 0.2986 0.00130294 -89.9925 1 -135 0.249997 -179.701 0.00130288 -179.701 0.00130294 90.0075
31.2572 1 45 0.00509173 -89.7083 1 0 0.999987 90.2917 1 90 1.00003 0.00729364 1.00003 1.89098e-07 1.00021 43.8332 785.558 134.927 1 -9.72145e-19 0.00127293 0.291736 0.00127298 -89.9927 1 -135 0.249997 -179.708 0.00127293 -179.708 0.00127298 90.0073
31.9927 1 45 0.00497467 -89.715 1 0 0.999988 90.285 1 90 1.00002 0.00712595 1.00002 1.76353e-07 1.0002 43.86 804.044 134.929 1 4.86831e-19 0.00124367 0.285029 0.00124371 -89.9929 1 -135 0.249997 -179.715 0.00124367 -179.715 0.00124371 90.0071
32.7455 1 45 0.0048603 -89.7215 1 0 0.999988 90.2785 1 90 1.00002 0.00696212 1.00002 1.64467e-07 1.00019 43.8862 822.965 134.93 1 -4.65219e-19 0.00121508 0.278476 0.00121512 -89.993 1 -135 0.249997 -179.722 0.00121508 -179.722 0.00121512 90.007
33.516 1 45 0.00474857 -89.7279 1 0 0.999989 90.2721 1 90 1.00002 0.00680205 1.00002 1.53382e-07 1.00018 43.9118 842.331 134.932 1 1.76306e-19 0.00118714 0.272074 0.00118718 -89.9932 1 -135 0.249997 -179.728 0.00118714 -179.728 0.00118718 90.0068
34.3047 1 45 0.0046394 -89.7342 1 0 0.999989 90.2658 1 90 1.00002 0.00664567 1.00002 1.43045e-07 1.00017 43.9368 862.153 134.934 1 4.44745e-19 0.00115985 0.265819 0.00115989 -89.9934 1 -135 0.249997 -179.734 0.00115985 -179.734 0.00115989 90.0066
35.1119 1 45 0.00453274 -89.7403 1 0 0.99999 90.2597 1 90 1.00002 0.00649288 1.00002 1.33404e-07 1.00016 43.9613 882.441 134.935 1 2.87397e-19 0.00113319 0.259708 0.00113322 -89.9935 1 -135 0.249997 -179.74 0.00113319 -179.74 0.00113322 90.0065
35.9381 1 45 0.00442854 -89.7463 1 0 0.99999 90.2537 1 90 1.00002 0.0063436 1.00002 1.24413e-07 1.00016 43.9852 903.207 134.937 1 -6.01714e-19 0.00110713 0.253737 0.00110717 -89.9937 1 -135 0.249998 -179.746 0.00110713 -179.746 0.00110717 90.0063
36.7838 1 45 0.00432673 -89.7521 1 0 0.999991 90.2479 1 90 1.00002 0.00619775 1.00002 1.16028e-07 1.00015 44.0085 924.461 134.938 1 -5.61524e-19 0.00108168 0.247904 0.00108171 -89.9938 1 -135 0.249998 -179.752 0.00108168 -179.752 0.00108171 90.0062
37.6494 1 45 0.00422726 -89.7578 1 0 0.999991 90.2422 1 90 1.00002 0.00605526 1.00002 1.08208e-07 1.00014 44.0313 946.215 134.939 1 -3.77256e-19 0.00105681 0.242205 0.00105684 -89.9939 1 -135 0.249998 -179.758 0.00105681 -179.758 0.00105684 90.0061
38.5353 1 45 0.00413007 -89.7634 1 0 0.999991 90.2366 1 90 1.00002 0.00591605 1.00002 1.00915e-07 1.00014 44.0535 968.481 134.941 1 -1.60002e-19 0.00103252 0.236636 0.00103254 -89.9941 1 -135 0.249998 -179.763 0.00103252 -179.763 0.00103254 90.0059
39.4421 1 45 0.00403513 -89.7688 1 0 0.999992 90.2312 1 90 1.00002 0.00578003 1.00002 9.41134e-08 1.00013 44.0753 991.271 134.942 1 -1.44836e-19 0.00100878 0.231196 0.00100881 -89.9942 1 -135 0.249998 -179.769 0.00100878 -179.769 0.00100881 90.0058
40.3702 1 45 0.00394236 -89.7741 1 0 0.999992 90.2259 1 90 1.00002 0.00564714 1.00002 8.77704e-08 1.00012 44.0965 1014.6 134.944 1 -5.34983e-19 0.00098559 0.225881 0.000985613 -89.9944 1 -135 0.249998 -179.774 0.00098559 -179.774 0.000985613 90.0056
41.3201 1 45 0.00385173 -89.7793 1 0 0.999993 90.2207 1 90 1.00001 0.00551731 1.00001 8.18549e-08 1.00012 44.1173 1038.47 134.945 1 5.78965e-19 0.000962931 0.220688 0.000962953 -89.9945 1 -135 0.249998 -179.779 0.000962931 -179.779 0.000962953 90.0055
42.2924 1 45 0.00376318 -89.7844 1 0 0.999993 90.2156 1 90 1.00001 0.00539047 1.00001 7.63381e-08 1.00011 44.1376 1062.91 134.946 1 3.4427e-19 0.000940794 0.215615 0.000940814 -89.9946 1 -135 0.249998 -179.784 0.000940794 -179.784 0.000940814 90.0054
43.2876 1 45 0.00367666 -89.7893 1 0 0.999993 90.2107 1 90 1.00001 0.00526654 1.00001 7.11931e-08 1.00011 44.1574 1087.92 134.947 1 -3.17729e-19 0.000919165 0.210658 0.000919184 -89.9947 1 -135 0.249998 -179.789 0.000919165 -179.789 0.000919184 90.0053
44.3062 1 45 0.00359214 -89.7942 1 0 0.999994 90.2058 1 90 1.00001 0.00514545 1.00001 6.63949e-08 1.0001 44.1768 1113.52 134.949 1 2.81331e-19 0.000898034 0.205815 0.000898051 -89.9949 1 -135 0.249998 -179.794 0.000898034 -179.794 0.000898051 90.0051
45.3488 1 45 0.00350955 -89.7989 1 0 0.999994 90.2011 1 90 1.00001 0.00502716 1.00001 6.19201e-08 1.0001 44.1957 1139.73 134.95 1 -8.12143e-19 0.000877388 0.201083 0.000877404 -89.995 1 -135 0.249998 -179.799 0.000877388 -179.799 0.000877404 90.005
46.4159 1 45 0.00342887 -89.8035 1 0 0.999994 90.1965 1 90 1.00001 0.00491158 1.00001 5.77468e-08 1.00009 44.2142 1166.55 134.951 1 2.69198e-20 0.000857217 0.19646 0.000857232 -89.9951 1 -135 0.249999 -179.804 0.000857217 -179.804 0.000857232 90.0049
47.5081 1 45 0.00335004 -89.8081 1 0 0.999994 90.1919 1 90 1.00001 0.00479866 1.00001 5.38549e-08 1.00009 44.2323 1194 134.952 1 -8.49679e-19 0.00083751 0.191944 0.000837524 -89.9952 1 -135 0.249999 -179.808 0.00083751 -179.808 0.000837524 90.0048
48.626 1 45 0.00327302 -89.8125 1 0 0.999995 90.1875 1 90 1.00001 0.00468834 1.00001 5.02252e-08 1.00009 44.2499 1222.09 134.953 1 -1.23224e-19 0.000818256 0.187531 0.000818269 -89.9953 1 -135 0.249999 -179.812 0.000818256 -179.812 0.000818269 90.0047
49.7702 1 45 0.00319778 -89.8168 1 0 0.999995 90.1832 1 90 1.00001 0.00458055 1.00001 4.68402e-08 1.00008 44.2672 1250.85 134.954 1 -1.93747e-19 0.000799444 0.183219 0.000799457 -89.9954 1 -135 0.249999 -179.817 0.000799444 -179.817 0.000799457 90.0046
50.9414 1 45 0.00312426 -89.821 1 0 0.999995 90.179 1 90 1.00001 0.00447524 1.00001 4.36833e-08 1.00008 44.284 1280.28 134.955 1 5.36879e-19 0.000781065 0.179007 0.000781077 -89.9955 1 -135 0.249999 -179.821 0.000781065 -179.821 0.000781077 90.0045
52.1401 1 45 0.00305243 -89.8251 1 0 0.999995 90.1749 1 90 1.00001 0.00437235 1.00001 4.07391e-08 1.00007 44.3005 1310.41 134.956 1 -3.2645e-19 0.000763109 0.174892 0.000763119 -89.9956 1 -135 0.249999 -179.825 0.000763109 -179.825 0.000763119 90.0044
53.367 1 45 0.00298226 -89.8291 1 0 0.999996 90.1709 1 90 1.00001 0.00427183 1.00001 3.79934e-08 1.00007 44.3165 1341.25 134.957 1 -1.13745e-20 0.000745565 0.170871 0.000745575 -89.9957 1 -135 0.249999 -179.829 0.000745565 -179.829 0.000745575 90.0043
54.6228 1 45 0.0029137 -89.8331 1 0 0.999996 90.1669 1 90 1.00001 0.00417362 1.00001 3.54328e-08 1.00007 44.3323 1372.81 134.958 1 -7.73469e-20 0.000728425 0.166943 0.000728434 -89.9958 1 -135 0.249999 -179.833 0.000728425 -179.833 0.000728434 90.0042
55.9081 1 45 0.00284671 -89.8369 1 0 0.999996 90.1631 1 90 1.00001 0.00407767 1.00001 3.30447e-08 1.00006 44.3476 1405.11 134.959 1 4.14034e-19 0.000711678 0.163105 0.000711687 -89.9959 1 -135 0.249999 -179.837 0.000711678 -179.837 0.000711687 90.0041
57.2237 1 45 0.00278127 -89.8406 1 0 0.999996 90.1594 1 90 1.00001 0.00398392 1.00001 3.08176e-08 1.00006 44.3626 1438.18 134.96 1 4.32233e-19 0.000695317 0.159355 0.000695325 -89.996 1 -135 0.249999 -179.841 0.000695317 -179.841 0.000695325 90.004
58.5702 1 45 0.00271733 -89.8443 1 0 0.999996 90.1557 1 90 1.00001 0.00389233 1.00001 2.87406e-08 1.00006 44.3773 1472.02 134.961 1 1.51282e-19 0.000679332 0.155692 0.000679339 -89.9961 1 -135 0.249999 -179.844 0.000679332 -179.844 0.000679339 90.0039
59.9484 1 45 0.00265486 -89.8479 1 0 0.999996 90.1521 1 90 1.00001 0.00380284 1.00001 2.68036e-08 1.00006 44.3916 1506.66 134.962 1 3.37445e-20 0.000663714 0.152112 0.000663721 -89.9962 1 -135 0.249999 -179.848 0.000663714 -179.848 0.000663721 90.0038
61.3591 1 45 0.00259382 -89.8514 1 0 0.999997 90.1486 1 90 1.00001 0.00371541 1.00001 2.49971e-08 1.00005 44.4056 1542.11 134.963 1 -1.27395e-19 0.000648455 0.148615 0.000648462 -89.9963 1 -135 0.249999 -179.851 0.000648455 -179.851 0.000648462 90.0037
62.8029 1 45 0.00253419 -89.8548 1 0 0.999997 90.1452 1 90 1.00001 0.00362999 1.00001 2.33124e-08 1.00005 44.4192 1578.4 134.964 1 -1.17537e-19 0.000633547 0.145198 0.000633553 -89.9964 1 -135 0.249999 -179.855 0.000633547 -179.855 0.000633553 90.0036
64.2807 1 45 0.00247593 -89.8581 1 0 0.999997 90.1419 1 90 1.00001 0.00354654 1.00001 2.17412e-08 1.00005 44.4326 1615.54 134.965 1 -3.07871e-19 0.000618982 0.14186 0.000618988 -89.9965 1 -135 0.249999 -179.858 0.000618982 -179.858 0.000618988 90.0035
65.7933 1 45 0.00241901 -89.8614 1 0 0.999997 90.1386 1 90 1.00001 0.003465 1.00001 2.02759e-08 1.00005 44.4456 1653.56 134.965 1 2.5024e-20 0.000604752 0.138599 0.000604757 -89.9965 1 -135 0.249999 -179.861 0.000604752 -179.861 0.000604757 90.0035
67.3415 1 45 0.00236339 -89.8646 1 0 0.999997 90.1354 1 90 1.00001 0.00338534 1.00001 1.89094e-08 1.00004 44.4584 1692.47 134.966 1 3.43132e-20 0.000590848 0.135413 0.000590853 -89.9966 1 -135 0.249999 -179.865 0.000590848 -179.865 0.000590853 90.0034
68.9261 1 45 0.00230906 -89.8677 1 0 0.999997 90.1323 1 90 1.00001 0.00330751 1.00001 1.76349e-08 1.00004 44.4708 1732.29 134.967 1 -1.14883e-19 0.000577265 0.132299 0.00057727 -89.9967 1 -135 0.249999 -179.868 0.000577265 -179.868 0.00057727 90.0033
70.548 1 45 0.00225597 -89.8707 1 0 0.999997 90.1293 1 90 1.00001 0.00323147 1.00001 1.64464e-08 1.00004 44.483 1773.06 134.968 1 1.63604e-19 0.000563994 0.129258 0.000563998 -89.9968 1 -135 0.249999 -179.871 0.000563994 -179.871 0.000563998 90.0032
72.2081 1 45 0.00220411 -89.8737 1 0 0.999998 90.1263 1 90 1 0.00315718 1 1.5338e-08 1.00004 44.4949 1814.78 134.968 1 7.16597e-20 0.000551027 0.126286 0.000551031 -89.9968 1 -135 0.249999 -179.874 0.000551027 -179.874 0.000551031 90.0032
73.9072 1 45 0.00215344 -89.8766 1 0 0.999998 90.1234 1 90 1 0.00308459 1 1.43042e-08 1.00004 44.5065 1857.48 134.969 1 1.81045e-19 0.000538359 0.123383 0.000538363 -89.9969 1 -135 0.249999 -179.877 0.000538359 -179.877 0.000538363 90.0031
75.6463 1 45 0.00210393 -89.8795 1 0 0.999998 90.1205 1 90 1 0.00301368 1 1.33402e-08 1.00004 44.5178 1901.19 134.97 1 -1.73083e-19 0.000525983 0.120546 0.000525986 -89.997 1 -135 0.249999 -179.879 0.000525983 -179.879 0.000525986 90.003
77.4264 1 45 0.00205556 -89.8822 1 0 0.999998 90.1178 1 90 1 0.00294439 1 1.24411e-08 1.00003 44.5289 1945.93 134.971 1 3.68915e-19 0.00051389 0.117775 0.000513893 -89.9971 1 -135 0.249999 -179.882 0.00051389 -179.882 0.000513893 90.0029
79.2483 1 45 0.0020083 -89.8849 1 0 0.999998 90.1151 1 90 1 0.0028767 1 1.16026e-08 1.00003 44.5397 1991.72 134.971 1 1.55073e-19 0.000502076 0.115067 0.000502079 -89.9971 1 -135 0.249999 -179.885 0.000502076 -179.885 0.000502079 90.0029
81.1131 1 45 0.00196213 -89.8876 1 0 0.999998 90.1124 1 90 1 0.00281056 1 1.08206e-08 1.00003 44.5503 2038.59 134.972 1 9.08068e-20 0.000490533 0.112422 0.000490536 -89.9972 1 -135 0.25 -179.888 0.000490533 -179.888 0.000490536 90.0028
83.0218 1 45 0.00191702 -89.8902 1 0 0.999998 90.1098 1 90 1 0.00274595 1 1.00913e-08 1.00003 44.5607 2086.56 134.973 1 -3.67588e-19 0.000479256 0.109837 0.000479258 -89.9973 1 -135 0.25 -179.89 0.000479256 -179.89 0.000479258 90.0027
84.9753 1 45 0.00187295 -89.8927 1 0 0.999998 90.1073 1 90 1 0.00268282 1 9.41122e-09 1.00003 44.5708 2135.66 134.973 1 -1.36115e-19 0.000468238 0.107312 0.00046824 -89.9973 1 -135 0.25 -179.893 0.000468238 -179.893 0.00046824 90.0027
86.9749 1 45 0.00182989 -89.8952 1 0 0.999998 90.1048 1 90 1 0.00262114 1 8.77693e-09 1.00003 44.5806 2185.91 134.974 1 -1.53936e-19 0.000457473 0.104845 0.000457475 -89.9974 1 -135 0.25 -179.895 0.000457473 -179.895 0.000457475 90.0026
89.0215 1 45 0.00178782 -89.8976 1 0 0.999998 90.1024 1 90 1 0.00256088 1 8.18539e-09 1.00003 44.5903 2237.35 134.974 1 1.52798e-19 0.000446956 0.102435 0.000446958 -89.9974 1 -135 0.25 -179.898 0.000446956 -179.898 0.000446958 90.0026
91.1163 1 45 0.00174672 -89.8999 1 0 0.999998 90.1001 1 90 1 0.002502 1 7.63372e-09 1.00002 44.5997 2290 134.975 1 -1.1185e-19 0.00043668 0.10008 0.000436682 -89.9975 1 -135 0.25 -179.9 0.00043668 -179.9 0.000436682 90.0025
93.2603 1 45 0.00170656 -89.9022 1 0 0.999999 90.0978 1 90 1 0.00244448 1 7.11924e-09 1.00002 44.6089 2343.88 134.976 1 -3.06355e-19 0.000426641 0.097779 0.000426643 -89.9976 1 -135 0.25 -179.902 0.000426641 -179.902 0.000426643 90.0024
95.4548 1 45 0.00166733 -89.9045 1 0 0.999999 90.0955 1 90 1 0.00238828 1 6.63942e-09 1.00002 44.6179 2399.04 134.976 1 1.45973e-19 0.000416832 0.095531 0.000416834 -89.9976 1 -135 0.25 -179.904 0.000416832 -179.904 0.000416834 90.0024
97.701 1 45 0.001629 -89.9067 1 0 0.999999 90.0933 1 90 1 0.00233338 1 6.19195e-09 1.00002 44.6267 2455.49 134.977 1 1.60192e-19 0.00040725 0.0933348 0.000407251 -89.9977 1 -135 0.25 -179.907 0.00040725 -179.907 0.000407251 90.0023
100 1 45 0.00159155 -89.9088 1 0 0.999999 90.0912 1 90 1 0.00227973 1 5.77463e-09 1.00002 44.6352 2513.27 134.977 1 2.32989e-19 0.000397887 0.091189 0.000397888 -89.9977 1 -135 0.25 -179.909 0.000397887 -179.909 0.000397888 90.0023
102.353 1 45 0.00155496 -89.9109 1 0 0.999999 90.0891 1 90 1 0.00222732 1 5.38544e-09 1.00002 44.6436 2572.41 134.978 1 -1.2948e-19 0.000388739 0.0890926 0.000388741 -89.9978 1 -135 0.25 -179.911 0.000388739 -179.911 0.000388741 90.0022
