f 1m 1f 2m 2f 3m 3f jL1m jL1f jL2m jL2f jV0300m jV0300f 
0.1 0.659364 180 0.108241 180 1 0 1.04261 90 0.0680097 90 1.04261 -90
0.100231 0.664489 180 0.109407 180 1 0 1.04824 90 0.0689008 90 1.04824 -90
0.100462 0.669672 180 0.11059 180 1 0 1.05393 90 0.0698069 90 1.05393 -90
0.100694 0.674911 180 0.111792 180 1 0 1.05968 90 0.0707283 90 1.05968 -90
0.100926 0.680209 180 0.113012 180 1 0 1.06548 90 0.0716653 90 1.06548 -90
0.101159 0.685566 180 0.114251 180 1 0 1.07135 90 0.0726183 90 1.07135 -90
0.101393 0.690983 180 0.11551 180 1 0 1.07727 90 0.0735877 90 1.07727 -90
0.101627 0.696462 180 0.116788 180 1 0 1.08326 90 0.0745737 90 1.08326 -90
0.101861 0.702003 180 0.118087 180 1 0 1.0893 90 0.0755768 90 1.0893 -90
0.102096 0.707607 180 0.119406 180 1 0 1.09541 90 0.0765973 90 1.09541 -90
0.102332 0.713275 180 0.120746 180 1 0 1.10158 90 0.0776356 90 1.10158 -90
0.102568 0.719008 180 0.122107 180 1 0 1.10782 90 0.0786922 90 1.10782 -90
0.102804 0.724808 180 0.12349 180 1 0 1.11412 90 0.0797673 90 1.11412 -90
0.103042 0.730675 180 0.124896 180 1 0 1.12049 90 0.0808615 90 1.12049 -90
0.103279 0.73661 180 0.126325 180 1 0 1.12693 90 0.0819752 90 1.12693 -90
0.103518 0.742616 180 0.127777 180 1 0 1.13343 90 0.0831087 90 1.13343 -90
0.103757 0.748692 180 0.129253 180 1 0 1.14001 90 0.0842627 90 1.14001 -90
0.103996 0.754841 180 0.130753 180 1 0 1.14666 90 0.0854375 90 1.14666 -90
0.104236 0.761063 180 0.132278 180 1 0 1.15338 90 0.0866336 90 1.15338 -90
0.104477 0.767359 180 0.133829 180 1 0 1.16018 90 0.0878515 90 1.16018 -90
0.104718 0.773732 180 0.135406 180 1 0 1.16705 90 0.0890917 90 1.16705 -90
0.104959 0.780182 180 0.137009 180 1 0 1.17399 90 0.0903548 90 1.17399 -90
0.105202 0.78671 180 0.13864 180 1 0 1.18102 90 0.0916413 90 1.18102 -90
0.105444 0.793319 180 0.140299 180 1 0 1.18812 90 0.0929517 90 1.18812 -90
0.105688 0.800009 180 0.141986 180 1 0 1.1953 90 0.0942866 90 1.1953 -90
0.105931 0.806781 180 0.143703 180 1 0 1.20257 90 0.0956467 90 1.20257 -90
0.106176 0.813639 180 0.145449 180 1 0 1.20992 90 0.0970324 90 1.20992 -90
0.106421 0.820582 180 0.147226 180 1 0 1.21735 90 0.0984446 90 1.21735 -90
0.106666 0.827613 180 0.149034 180 1 0 1.22488 90 0.0998836 90 1.22488 -90
0.106913 0.834732 180 0.150875 180 1 0 1.23248 90 0.10135 90 1.23248 -90
0.107159 0.841943 180 0.152748 180 1 0 1.24018 90 0.102845 90 1.24018 -90
0.107407 0.849246 180 0.154655 180 1 0 1.24797 90 0.10437 90 1.24797 -90
0.107654 0.856643 180 0.156596 180 1 0 1.25586 90 0.105923 90 1.25586 -90
0.107903 0.864136 180 0.158572 180 1 0 1.26384 90 0.107508 90 1.26384 -90
0.108152 0.871727 180 0.160585 180 1 0 1.27191 90 0.109123 90 1.27191 -90
0.108401 0.879417 180 0.162634 180 1 0 1.28008 90 0.110771 90 1.28008 -90
0.108652 0.887209 180 0.164722 180 1 0 1.28836 90 0.112452 90 1.28836 -90
0.108902 0.895105 180 0.166848 180 1 0 1.29673 90 0.114166 90 1.29673 -90
0.109154 0.903106 180 0.169014 180 1 0 1.30521 90 0.115915 90 1.30521 -90
0.109405 0.911215 180 0.171221 180 1 0 1.3138 90 0.1177 90 1.3138 -90
0.109658 0.919433 180 0.17347 180 1 0 1.32249 90 0.119521 90 1.32249 -90
0.109911 0.927763 180 0.175762 180 1 0 1.3313 90 0.121379 90 1.3313 -90
0.110165 0.936208 180 0.178097 180 1 0 1.34021 90 0.123276 90 1.34021 -90
0.110419 0.944769 180 0.180478 180 1 0 1.34925 90 0.125213 90 1.34925 -90
0.110674 0.953449 180 0.182906 180 1 0 1.35839 90 0.12719 90 1.35839 -90
0.110929 0.96225 180 0.185381 180 1 0 1.36766 90 0.129208 90 1.36766 -90
0.111185 0.971174 180 0.187905 180 1 0 1.37705 90 0.131269 90 1.37705 -90
0.111442 0.980226 180 0.190479 180 1 0 1.38657 90 0.133375 90 1.38657 -90
0.111699 0.989406 180 0.193104 180 1 0 1.39621 90 0.135525 90 1.39621 -90
0.111956 0.998717 180 0.195782 180 1 0 1.40598 90 0.137722 90 1.40598 -90
0.112215 1.00816 180 0.198515 180 1 0 1.41589 90 0.139966 90 1.41589 -90
0.112474 1.01775 180 0.201303 180 1 0 1.42593 90 0.14226 90 1.42593 -90
0.112733 1.02747 180 0.204149 -180 1 0 1.43611 90 0.144604 90 1.43611 -90
0.112993 1.03734 180 0.207054 -180 1 0 1.44643 90 0.147 90 1.44643 -90
0.113254 1.04735 180 0.210019 -180 1 0 1.45689 90 0.149449 90 1.45689 -90
0.113515 1.05752 180 0.213047 -180 1 0 1.4675 90 0.151953 90 1.4675 -90
0.113777 1.06783 180 0.216138 -180 1 0 1.47826 90 0.154514 90 1.47826 -90
0.11404 1.07831 180 0.219296 -180 1 0 1.48918 90 0.157133 90 1.48918 -90
0.114303 1.08894 180 0.222521 -180 1 0 1.50025 90 0.159812 90 1.50025 -90
0.114567 1.09973 180 0.225816 -180 1 0 1.51148 90 0.162552 90 1.51148 -90
0.114831 1.1107 180 0.229183 -180 1 0 1.52288 90 0.165357 90 1.52288 -90
0.115096 1.12183 180 0.232623 -180 1 0 1.53445 90 0.168226 90 1.53445 -90
0.115362 1.13314 180 0.23614 -180 1 0 1.54619 90 0.171164 90 1.54619 -90
0.115628 1.14463 180 0.239735 -180 1 0 1.5581 90 0.174171 90 1.5581 -90
0.115895 1.15631 180 0.243411 -180 1 0 1.5702 90 0.177249 90 1.5702 -90
0.116162 1.16817 180 0.24717 -180 1 0 1.58248 90 0.180402 90 1.58248 -90
0.11643 1.18022 180 0.251015 -180 1 0 1.59495 90 0.183631 90 1.59495 -90
0.116699 1.19248 180 0.254948 -180 1 0 1.60761 90 0.186938 90 1.60761 -90
0.116968 1.20493 180 0.258972 -180 1 0 1.62048 90 0.190327 90 1.62048 -90
0.117238 1.21759 180 0.26309 -180 1 0 1.63354 90 0.1938 90 1.63354 -90
0.117509 1.23046 180 0.267305 -180 1 0 1.64682 90 0.197359 90 1.64682 -90
0.11778 1.24355 180 0.27162 -180 1 0 1.6603 90 0.201008 90 1.6603 -90
0.118052 1.25687 180 0.276039 -180 1 0 1.67401 90 0.204749 90 1.67401 -90
0.118324 1.27041 180 0.280564 -180 1 0 1.68794 90 0.208586 90 1.68794 -90
0.118597 1.28419 180 0.285199 -180 1 0 1.7021 90 0.212521 90 1.7021 -90
0.118871 1.29821 180 0.289948 -180 1 0 1.7165 90 0.216558 90 1.7165 -90
0.119145 1.31247 180 0.294814 -180 1 0 1.73114 90 0.220701 90 1.73114 -90
0.11942 1.32699 180 0.299802 -180 1 0 1.74603 90 0.224953 90 1.74603 -90
0.119696 1.34177 180 0.304915 -180 1 0 1.76118 90 0.229318 90 1.76118 -90
0.119972 1.35682 180 0.310159 -180 1 0 1.77658 90 0.233799 90 1.77658 -90
0.120249 1.37214 -180 0.315536 -180 1 0 1.79226 90 0.238402 90 1.79226 -90
0.120526 1.38775 180 0.321053 -180 1 0 1.80821 90 0.243129 90 1.80821 -90
0.120804 1.40365 180 0.326713 -180 1 0 1.82445 90 0.247987 90 1.82445 -90
0.121083 1.41984 180 0.332523 -180 1 0 1.84098 90 0.252979 90 1.84098 -90
0.121362 1.43635 180 0.338486 -180 1 0 1.85782 90 0.25811 90 1.85782 -90
0.121642 1.45317 180 0.34461 -180 1 0 1.87496 90 0.263386 90 1.87496 -90
0.121923 1.47031 180 0.350899 -180 1 0 1.89242 90 0.268812 90 1.89242 -90
0.122204 1.48779 -180 0.35736 -180 1 0 1.91021 90 0.274393 90 1.91021 -90
0.122486 1.50562 180 0.364 -180 1 0 1.92833 90 0.280136 90 1.92833 -90
0.122769 1.5238 180 0.370824 -180 1 0 1.94681 90 0.286047 90 1.94681 -90
0.123052 1.54234 180 0.37784 -180 1 0 1.96564 90 0.292131 90 1.96564 -90
0.123336 1.56127 180 0.385056 -180 1 0 1.98484 90 0.298397 90 1.98484 -90
0.123621 1.58058 180 0.392478 -180 1 0 2.00442 90 0.304851 90 2.00442 -90
0.123906 1.6003 180 0.400116 -180 1 0 2.0244 90 0.3115 90 2.0244 -90
0.124192 1.62043 180 0.407977 -180 1 0 2.04478 90 0.318353 90 2.04478 -90
0.124479 1.64098 180 0.41607 -180 1 0 2.06557 90 0.325418 90 2.06557 -90
0.124766 1.66198 180 0.424405 -180 1 0 2.0868 90 0.332703 90 2.0868 -90
0.125054 1.68344 180 0.432992 -180 1 0 2.10848 90 0.340218 90 2.10848 -90
0.125342 1.70537 180 0.441841 -180 1 0 2.13061 90 0.347972 90 2.13061 -90
0.125632 1.72778 180 0.450964 -180 1 0 2.15322 90 0.355976 90 2.15322 -90
0.125922 1.7507 180 0.46037 -180 1 0 2.17632 90 0.36424 90 2.17632 -90
0.126212 1.77414 180 0.470073 -180 1 0 2.19993 90 0.372775 90 2.19993 -90
0.126503 1.79812 180 0.480086 -180 1 0 2.22407 90 0.381594 90 2.22407 -90
0.126795 1.82266 180 0.490422 -180 1 0 2.24875 90 0.390708 90 2.24875 -90
0.127088 1.84777 180 0.501095 -180 1 0 2.274 90 0.400132 90 2.274 -90
0.127381 1.87349 180 0.51212 -180 1 0 2.29983 90 0.40988 90 2.29983 -90
0.127675 1.89983 180 0.523513 -180 1 0 2.32626 90 0.419965 90 2.32626 -90
0.12797 1.92682 180 0.535292 -180 1 0 2.35333 90 0.430405 90 2.35333 -90
0.128265 1.95448 180 0.547473 -180 1 0 2.38105 90 0.441215 90 2.38105 -90
0.128561 1.98283 -180 0.560076 -180 1 0 2.40945 90 0.452414 90 2.40945 -90
0.128858 2.01191 180 0.573121 -180 1 0 2.43855 90 0.464019 90 2.43855 -90
0.129155 2.04174 180 0.586628 -180 1 0 2.46838 90 0.476052 90 2.46838 -90
0.129453 2.07235 180 0.600622 -180 1 0 2.49898 90 0.488532 90 2.49898 -90
0.129752 2.10377 180 0.615125 -180 1 0 2.53036 90 0.501483 90 2.53036 -90
0.130051 2.13605 -180 0.630164 -180 1 0 2.56257 90 0.514929 90 2.56257 -90
0.130351 2.16921 180 0.645765 -180 1 0 2.59565 90 0.528895 90 2.59565 -90
0.130652 2.20329 180 0.661957 -180 1 0 2.62961 90 0.543408 90 2.62961 -90
0.130954 2.23833 180 0.678771 -180 1 0 2.66451 90 0.558497 90 2.66451 -90
0.131256 2.27438 180 0.696241 -180 1 0 2.70039 90 0.574193 90 2.70039 -90
0.131559 2.31147 -180 0.714401 -180 1 0 2.73729 90 0.590529 90 2.73729 -90
0.131862 2.34967 -180 0.733289 -180 1 0 2.77525 90 0.607541 90 2.77525 -90
0.132166 2.38901 180 0.752946 -180 1 0 2.81432 90 0.625266 90 2.81432 -90
0.132471 2.42956 180 0.773414 -180 1 0 2.85457 90 0.643745 90 2.85457 -90
0.132777 2.47137 -180 0.794741 -180 1 0 2.89603 90 0.663023 90 2.89603 -90
0.133083 2.5145 180 0.816975 -180 1 0 2.93878 90 0.683145 90 2.93878 -90
0.133391 2.55902 180 0.84017 -180 1 0 2.98288 90 0.704162 90 2.98288 -90
0.133698 2.605 -180 0.864385 -180 1 0 3.02838 90 0.726128 90 3.02838 -90
0.134007 2.65251 180 0.889681 -180 1 0 3.07538 90 0.749103 90 3.07538 -90
0.134316 2.70165 180 0.916125 -180 1 0 3.12394 90 0.773148 90 3.12394 -90
0.134626 2.75248 180 0.94379 -180 1 0 3.17415 90 0.798334 90 3.17415 -90
0.134937 2.80512 180 0.972754 -180 1 0 3.2261 90 0.824732 90 3.2261 -90
0.135248 2.85965 -180 1.0031 -180 1 0 3.27989 90 0.852425 90 3.27989 -90
0.13556 2.91619 180 1.03493 -180 1 0 3.33561 90 0.881499 90 3.33561 -90
0.135873 2.97485 180 1.06833 -180 1 0 3.39339 90 0.912049 90 3.39339 -90
0.136187 3.03577 180 1.10342 -180 1 0 3.45335 90 0.944177 90 3.45335 -90
0.136501 3.09908 -180 1.14031 -180 1 0 3.51562 90 0.977997 90 3.51562 -90
0.136816 3.16493 180 1.17914 -180 1 0 3.58034 90 1.01363 90 3.58034 -90
0.137131 3.23349 180 1.22004 -180 1 0 3.64767 90 1.05122 90 3.64767 -90
0.137448 3.30492 180 1.26318 -180 1 0 3.71778 90 1.0909 90 3.71778 -90
0.137765 3.37944 180 1.30873 -180 1 0 3.79086 90 1.13284 90 3.79086 -90
0.138083 3.45724 180 1.35687 -180 1 0 3.86711 90 1.17722 90 3.86711 -90
0.138402 3.53856 180 1.40781 -180 1 0 3.94675 90 1.22423 90 3.94675 -90
0.138721 3.62367 180 1.46178 -180 1 0 4.03003 90 1.2741 90 4.03003 -90
0.139041 3.71283 180 1.51905 -180 1 0 4.11723 90 1.32707 90 4.11723 -90
0.139362 3.80638 -180 1.57988 -180 1 0 4.20864 90 1.3834 90 4.20864 -90
0.139684 3.90464 180 1.64461 -180 1 0 4.30459 90 1.4434 90 4.30459 -90
0.140006 4.00801 180 1.71358 -180 1 0 4.40546 90 1.50741 90 4.40546 -90
0.140329 4.11692 180 1.78719 -180 1 0 4.51165 90 1.57579 90 4.51165 -90
0.140653 4.23185 180 1.86588 -180 1 0 4.62363 90 1.64897 90 4.62363 -90
0.140977 4.35333 180 1.95017 -180 1 0 4.74191 90 1.72743 90 4.74191 -90
0.141303 4.48198 180 2.04061 -180 1 0 4.86707 90 1.81171 90 4.86707 -90
0.141629 4.61849 180 2.13785 -180 1 0 4.99978 90 1.90243 90 4.99978 -90
0.141955 4.76364 180 2.24264 -180 1 0 5.14078 90 2.00029 90 5.14078 -90
0.142283 4.91831 180 2.35582 -180 1 0 5.29092 90 2.10608 90 5.29092 -90
0.142611 5.08353 180 2.47836 -180 1 0 5.45117 90 2.22074 90 5.45117 -90
0.14294 5.26048 180 2.61138 -180 1 0 5.62267 90 2.34534 90 5.62267 -90
0.14327 5.45052 180 2.75621 -180 1 0 5.80672 90 2.48112 90 5.80672 -90
0.143601 5.65524 180 2.91435 -180 1 0 6.00483 90 2.62954 90 6.00483 -90
0.143932 5.8765 -180 3.08763 -180 1 0 6.21878 90 2.79231 90 6.21878 -90
0.144264 6.11649 180 3.27816 -180 1 0 6.45067 90 2.97146 90 6.45067 -90
0.144597 6.37783 180 3.4885 -180 1 0 6.70299 90 3.16941 90 6.70299 -90
0.144931 6.66365 180 3.72169 -180 1 0 6.97874 90 3.38908 90 6.97874 -90
0.145265 6.97774 -180 3.98146 -180 1 0 7.28152 90 3.634 90 7.28152 -90
0.145601 7.32473 180 4.27235 -180 1 0 7.61576 90 3.90849 90 7.61576 -90
0.145937 7.71032 180 4.59997 -180 1 0 7.9869 90 4.21792 90 7.9869 -90
0.146273 8.14165 180 4.97136 -180 1 0 8.40175 90 4.56899 90 8.40175 -90
0.146611 8.62776 180 5.39548 -180 1 0 8.86893 90 4.97022 90 8.86893 -90
0.146949 9.18026 180 5.88382 -180 1 0 9.39953 90 5.43258 90 9.39953 -90
0.147288 9.81436 180 6.45146 -180 1 0 10.008 90 5.97044 90 10.008 -90
0.147628 10.5503 180 7.11856 -180 1 0 10.7138 90 6.603 90 10.7138 -90
0.147969 11.4158 180 7.91265 -180 1 0 11.5432 90 7.35651 90 11.5432 -90
0.14831 12.4496 180 8.87234 -180 1 0 12.5331 90 8.26778 90 12.5331 -90
0.148652 13.7077 180 10.0536 -180 1 0 13.7372 90 9.39015 90 13.7372 -90
0.148996 15.2746 180 11.5405 -180 1 0 15.2357 90 10.8038 90 15.2357 -90
0.149339 17.2829 180 13.4657 -180 1 0 17.1553 90 12.6352 90 17.1553 -90
0.149684 19.9549 180 16.0512 -180 1 0 19.7079 90 15.096 90 19.7079 -90
0.150029 23.6925 180 19.6987 -180 1 0 23.2767 90 18.5692 90 23.2767 -90
0.150376 29.3052 180 25.2175 -180 1 0 28.6335 90 23.8265 90 28.6335 -90
0.150723 38.7028 -180 34.5172 -180 1 0 37.5993 90 32.6884 90 37.5993 -90
0.15107 57.7274 -180 53.4396 -180 1 0 55.7442 90 50.725 90 55.7442 -90
0.151419 117.01 180 112.615 -180 1 0 112.274 90 107.141 90 112.274 -90
0.151768 1889.78 -0 1894.29 -0 1 -0 1801.12 -90 1806.37 -90 1801.12 90
0.152119 100.522 -0 105.145 -0 1 -0 95.1219 -90 100.497 -90 95.1219 90
0.15247 50.5983 -0 55.3447 -0 1 -0 47.5149 -90 53.02 -90 47.5149 90
0.152821 33.29 -0 38.1652 -0 1 -0 31.005 -90 36.6464 -90 31.005 90
0.153174 24.4785 -0 29.4892 -0 1 -0 22.5962 -90 28.381 -90 22.5962 90
0.153528 19.1215 -0 24.2746 -0 1 -0 17.4808 -90 23.4163 -90 17.4808 90
0.153882 15.506 -0 20.8092 -0 1 -0 14.0254 -90 20.1197 -90 14.0254 90
0.154237 12.8897 -0 18.3512 -0 1 -0 11.5223 -90 17.7842 -90 11.5223 90
0.154593 10.8988 -0 16.5276 -0 1 -0 9.61506 -90 16.0538 -90 9.61506 90
0.15495 9.32423 -0 15.13 -0 1 -0 8.10428 -90 14.7302 -90 8.10428 90
0.155307 8.03992 -0 14.0333 -0 1 -0 6.86971 -90 13.694 -90 6.86971 90
0.155665 6.96518 -0 13.1577 -0 1 -0 5.83439 -90 12.8692 -90 5.83439 90
0.156025 6.04589 -0 12.4503 -0 1 -0 4.94664 -90 12.2054 -90 4.94664 90
0.156385 5.24424 -0 11.8744 -0 1 -0 4.17037 -90 11.6677 -90 4.17037 90
0.156746 4.53294 -0 11.4043 -0 1 -0 3.47946 -90 11.2316 -90 3.47946 90
0.157107 3.89165 -0 11.0211 -0 1 -0 2.85445 -90 10.8793 -90 2.85445 90
0.15747 3.30478 -0 10.7111 -0 1 -0 2.28037 -90 10.5977 -90 2.28037 90
0.157833 2.76003 -0 10.4642 -0 1 -0 1.74541 -90 10.3773 -90 1.74541 90
0.158197 2.24744 -0 10.2729 -0 1 -0 1.23993 -90 10.2111 -90 1.23993 90
0.158562 1.75866 -0 10.1317 -0 1 -0 0.755832 -90 10.094 -90 0.755832 90
0.158928 1.28648 -0 10.0367 -0 1 -0 0.286075 -90 10.0224 -90 0.286075 90
0.159295 0.824459 0 9.98551 0 1 -0 0.175695 90 9.9943 -90 0.175695 -90
0.159663 0.366574 0 9.97673 0 1 -0 0.635447 90 10.0085 -90 0.635447 -90
0.160031 0.0930099 180 10.0102 0 1 -0 1.09903 90 10.0653 -90 1.09903 -90
0.1604 0.560199 180 10.0867 0 1 -0 1.57241 90 10.1656 -90 1.57241 -90
0.16077 1.04123 180 10.2082 0 1 -0 2.06195 90 10.3118 -90 2.06195 -90
0.161141 1.54296 180 10.3781 0 1 -0 2.5747 90 10.5076 -90 2.5747 -90
0.161513 2.0732 180 10.601 0 1 -0 3.11874 90 10.7581 -90 3.11874 -90
0.161886 2.64117 180 10.8836 0 1 -0 3.70365 90 11.0704 -90 3.70365 -90
0.16226 3.2581 180 11.2348 0 1 -0 4.34116 90 11.454 -90 4.34116 -90
0.162634 3.93806 180 11.6668 0 1 -0 5.046 90 11.9218 -90 5.046 -90
0.163009 4.69919 180 12.1959 0 1 -0 5.8372 90 12.4913 -90 5.8372 -90
0.163385 5.56555 180 12.8448 0 1 -0 6.74006 90 13.1862 -90 6.74006 -90
0.163762 6.57002 180 13.6449 0 1 -0 7.78917 90 14.04 -90 7.78917 -90
0.16414 7.75899 180 14.6416 0 1 -0 9.03336 90 15.1003 -90 9.03336 -90
0.164519 9.20044 180 15.9018 0 1 -0 10.5442 90 16.4377 -90 10.5442 -90
0.164899 10.9984 180 17.5285 0 1 -0 12.4314 90 18.161 -90 12.4314 -90
0.165279 13.3207 180 19.6888 0 1 -0 14.8717 90 20.4464 -90 14.8717 -90
0.165661 16.4576 180 22.6723 0 1 -0 18.1712 90 23.5991 -90 18.1712 -90
0.166043 20.9587 180 27.0279 0 1 -0 22.9091 90 28.1976 -90 22.9091 -90
0.166426 28.0056 180 33.9364 0 1 -0 30.3307 90 35.4869 -90 30.3307 -90
0.16681 40.6896 180 46.489 0 1 -0 43.6948 90 48.725 -90 43.6948 -90
0.167195 70.4899 180 76.164 0 1 -0 75.1013 90 80.0115 -90 75.1013 -90
0.167581 225.716 180 231.271 0 1 -0 238.719 90 243.514 -90 238.719 -90
0.167967 209.248 0 203.807 180 1 -0 219.778 -90 215.092 90 219.778 90
0.168355 74.0025 0 68.6707 180 1 -0 77.2225 -90 72.6403 90 77.2225 90
0.168744 45.8068 0 40.5791 180 1 -0 47.5063 -90 43.0239 90 47.5063 90
0.169133 33.5777 0 28.4497 180 1 -0 34.6201 -90 30.2334 90 34.6201 90
0.169523 26.7329 0 21.7005 180 1 -0 27.4093 -90 23.1142 90 27.4093 90
0.169914 22.3502 0 17.4094 180 1 -0 22.7936 -90 18.5864 90 22.7936 90
0.170307 19.2986 0 14.4457 180 1 -0 19.5807 -90 15.4579 90 19.5807 90
0.170699 17.048 0 12.2797 180 1 -0 17.2121 -90 13.1704 90 17.2121 90
0.171093 15.3171 0 10.63 180 1 -0 15.3911 -90 11.4274 90 15.3911 90
0.171488 13.9427 0 9.33377 180 1 -0 13.9457 -90 10.0571 90 13.9457 90
0.171884 12.8235 0 8.28983 180 1 -0 12.7692 -90 8.95284 90 12.7692 90
0.172281 11.8934 0 7.43222 180 1 -0 11.7918 -90 8.04516 90 11.7918 90
0.172678 11.1074 0 6.71607 180 1 -0 10.9662 -90 7.28673 90 10.9662 90
0.173077 10.4336 0 6.10978 180 1 -0 10.2588 -90 6.64421 90 10.2588 90
0.173476 9.84922 0 5.59046 180 1 -0 9.64548 -90 6.0935 90 9.64548 90
0.173876 9.33702 0 5.14115 180 1 -0 9.10817 -90 5.61669 90 9.10817 90
0.174277 8.88409 0 4.749 180 1 -0 8.63321 -90 5.20023 90 8.63321 90
0.17468 8.48039 0 4.40408 180 1 -0 8.21007 -90 4.83367 90 8.21007 90
0.175083 8.11808 0 4.09864 180 1 -0 7.83044 -90 4.50882 90 7.83044 90
0.175487 7.7909 0 3.82651 180 1 -0 7.48775 -90 4.21917 90 7.48775 90
0.175892 7.4938 0 3.58273 180 1 -0 7.17669 -90 3.95949 90 7.17669 90
0.176298 7.22267 0 3.36327 180 1 -0 6.89291 -90 3.72553 90 6.89291 90
0.176704 6.97412 0 3.16482 180 1 -0 6.63286 -90 3.51379 90 6.63286 90
0.177112 6.74534 0 2.98463 180 1 -0 6.39358 -90 3.32138 90 6.39358 90
0.177521 6.53397 0 2.82041 180 1 -0 6.17257 -90 3.14588 90 6.17257 90
0.17793 6.33802 0 2.67024 180 1 -0 5.96775 -90 2.98524 90 5.96775 90
0.178341 6.1558 0 2.53246 180 1 -0 5.77732 -90 2.83775 90 5.77732 90
0.178753 5.98584 0 2.4057 180 1 -0 5.59977 -90 2.70193 90 5.59977 90
0.179165 5.8269 0 2.28875 180 1 -0 5.43377 -90 2.57651 90 5.43377 90
0.179578 5.6779 0 2.18057 180 1 -0 5.27819 -90 2.46039 90 5.27819 90
0.179993 5.53789 0 2.08028 180 1 -0 5.13203 -90 2.35265 90 5.13203 90
0.180408 5.40605 0 1.98708 180 1 -0 4.99443 -90 2.25244 90 4.99443 90
0.180824 5.28166 0 1.90031 180 1 -0 4.86462 -90 2.15904 90 4.86462 90
0.181242 5.16406 0 1.81935 180 1 -0 4.74193 -90 2.07183 90 4.74193 90
0.18166 5.05271 0 1.74368 180 1 -0 4.62577 -90 1.99024 90 4.62577 90
0.182079 4.94708 0 1.67282 180 1 -0 4.51561 -90 1.91377 90 4.51561 90
0.182499 4.84674 0 1.60637 180 1 -0 4.41097 -90 1.84199 90 4.41097 90
0.18292 4.75128 0 1.54395 180 1 -0 4.31143 -90 1.7745 90 4.31143 90
0.183343 4.66033 0 1.48524 180 1 -0 4.2166 -90 1.71096 90 4.2166 90
0.183766 4.57356 0 1.42992 180 1 -0 4.12616 -90 1.65104 90 4.12616 90
0.18419 4.4907 0 1.37775 180 1 -0 4.03978 -90 1.59446 90 4.03978 90
0.184615 4.41146 0 1.32847 180 1 -0 3.95718 -90 1.54098 90 3.95718 90
0.185041 4.3356 0 1.28186 180 1 -0 3.87812 -90 1.49035 90 3.87812 90
0.185468 4.26291 0 1.23774 180 1 -0 3.80235 -90 1.44238 90 3.80235 90
0.185896 4.19317 0 1.19593 180 1 -0 3.72968 -90 1.39686 90 3.72968 90
0.186325 4.12621 0 1.15625 180 1 -0 3.6599 -90 1.35364 90 3.6599 90
0.186755 4.06186 0 1.11857 180 1 -0 3.59283 -90 1.31254 90 3.59283 90
0.187186 3.99997 0 1.08274 180 1 -0 3.52833 -90 1.27344 90 3.52833 90
0.187617 3.94038 0 1.04865 180 1 -0 3.46622 -90 1.23619 90 3.46622 90
0.18805 3.88297 0 1.01618 180 1 -0 3.40639 -90 1.20068 90 3.40639 90
0.188484 3.82761 0 0.985231 180 1 -0 3.34869 -90 1.16679 90 3.34869 90
0.188919 3.7742 0 0.955701 180 1 -0 3.29301 -90 1.13443 90 3.29301 90
0.189355 3.72262 0 0.927504 180 1 -0 3.23925 -90 1.1035 90 3.23925 90
0.189792 3.67279 0 0.90056 180 1 -0 3.1873 -90 1.07392 90 3.1873 90
0.19023 3.62461 0 0.874794 180 1 -0 3.13707 -90 1.0456 90 3.13707 90
0.190669 3.578 0 0.850137 180 1 -0 3.08847 -90 1.01847 90 3.08847 90
0.191109 3.53288 0 0.826524 180 1 -0 3.04142 -90 0.992468 90 3.04142 90
0.19155 3.48918 0 0.803895 180 1 -0 2.99584 -90 0.967524 90 2.99584 90
0.191992 3.44683 0 0.782197 180 1 -0 2.95166 -90 0.943581 90 2.95166 90
0.192435 3.40576 0 0.761377 180 1 -0 2.90882 -90 0.920585 90 2.90882 90
0.192879 3.36593 0 0.741387 180 1 -0 2.86725 -90 0.898484 90 2.86725 90
0.193324 3.32726 0 0.722184 180 1 -0 2.8269 -90 0.877231 90 2.8269 90
0.19377 3.28971 0 0.703725 180 1 -0 2.78771 -90 0.856781 90 2.78771 90
0.194217 3.25323 0 0.685972 180 1 -0 2.74963 -90 0.837094 90 2.74963 90
0.194666 3.21777 0 0.668888 180 1 -0 2.7126 -90 0.818131 90 2.7126 90
0.195115 3.1833 0 0.652441 180 1 -0 2.6766 -90 0.799855 90 2.6766 90
0.195565 3.14976 0 0.636597 180 1 -0 2.64156 -90 0.782232 90 2.64156 90
0.196016 3.11712 0 0.621327 180 1 -0 2.60746 -90 0.765231 90 2.60746 90
0.196469 3.08535 0 0.606604 180 1 -0 2.57425 -90 0.748822 90 2.57425 90
0.196922 3.0544 0 0.592401 180 1 -0 2.5419 -90 0.732977 90 2.5419 90
0.197376 3.02425 0 0.578694 180 1 -0 2.51038 -90 0.717669 90 2.51038 90
0.197832 2.99486 0 0.565458 180 1 -0 2.47964 -90 0.702873 90 2.47964 90
0.198288 2.96621 0 0.552674 180 1 -0 2.44967 -90 0.688567 90 2.44967 90
0.198746 2.93827 0 0.540319 180 1 -0 2.42042 -90 0.674728 90 2.42042 90
0.199205 2.911 0 0.528375 180 1 -0 2.39189 -90 0.661335 90 2.39189 90
0.199664 2.8844 0 0.516823 180 1 -0 2.36403 -90 0.648369 90 2.36403 90
0.200125 2.85842 0 0.505647 180 1 -0 2.33682 -90 0.635812 90 2.33682 90
0.200587 2.83305 0 0.494829 180 1 -0 2.31024 -90 0.623645 90 2.31024 90
0.20105 2.80828 0 0.484355 180 1 -0 2.28427 -90 0.611852 90 2.28427 90
0.201514 2.78407 0 0.474209 180 1 -0 2.25889 -90 0.600418 90 2.25889 90
0.201979 2.7604 0 0.464378 180 1 -0 2.23407 -90 0.589328 90 2.23407 90
0.202445 2.73727 0 0.454849 180 1 -0 2.2098 -90 0.578567 90 2.2098 90
0.202912 2.71465 0 0.44561 180 1 -0 2.18606 -90 0.568123 90 2.18606 90
0.20338 2.69252 0 0.436649 180 1 -0 2.16283 -90 0.557982 90 2.16283 90
0.203849 2.67087 0 0.427954 180 1 -0 2.14009 -90 0.548133 90 2.14009 90
0.20432 2.64968 0 0.419515 180 1 -0 2.11783 -90 0.538564 90 2.11783 90
0.204791 2.62894 0 0.411321 180 1 -0 2.09603 -90 0.529264 90 2.09603 90
0.205264 2.60864 0 0.403365 180 1 -0 2.07468 -90 0.520224 90 2.07468 90
0.205737 2.58875 0 0.395635 180 1 -0 2.05376 -90 0.511432 90 2.05376 90
0.206212 2.56927 0 0.388124 180 1 -0 2.03326 -90 0.50288 90 2.03326 90
0.206688 2.55019 0 0.380823 180 1 -0 2.01316 -90 0.49456 90 2.01316 90
0.207165 2.53148 0 0.373725 180 1 -0 1.99346 -90 0.486461 90 1.99346 90
0.207643 2.51315 0 0.366822 180 1 -0 1.97415 -90 0.478577 90 1.97415 90
0.208122 2.49518 0 0.360106 180 1 -0 1.9552 -90 0.4709 90 1.9552 90
0.208602 2.47756 0 0.353571 180 1 -0 1.93661 -90 0.463422 90 1.93661 90
0.209084 2.46027 0 0.347211 180 1 -0 1.91838 -90 0.456135 90 1.91838 90
0.209566 2.44332 0 0.341019 180 1 -0 1.90048 -90 0.449035 90 1.90048 90
0.21005 2.42668 0 0.334989 180 1 -0 1.88291 -90 0.442113 90 1.88291 90
0.210535 2.41036 0 0.329116 180 1 -0 1.86566 -90 0.435364 90 1.86566 90
0.21102 2.39434 0 0.323394 180 1 -0 1.84873 -90 0.428782 90 1.84873 90
0.211507 2.37861 0 0.317818 180 1 -0 1.8321 -90 0.422362 90 1.8321 90
0.211995 2.36317 0 0.312384 180 1 -0 1.81576 -90 0.416097 90 1.81576 90
0.212485 2.34801 0 0.307085 180 1 -0 1.7997 -90 0.409983 90 1.7997 90
0.212975 2.33312 0 0.301918 180 1 -0 1.78393 -90 0.404015 90 1.78393 90
0.213466 2.31849 0 0.296878 180 1 -0 1.76843 -90 0.398188 90 1.76843 90
0.213959 2.30412 0 0.291962 180 1 -0 1.75319 -90 0.392497 90 1.75319 90
0.214453 2.29 0 0.287164 180 1 -0 1.73821 -90 0.386938 90 1.73821 90
0.214947 2.27613 0 0.282482 180 1 -0 1.72348 -90 0.381508 90 1.72348 90
0.215443 2.26249 0 0.277912 180 1 -0 1.70899 -90 0.376201 90 1.70899 90
0.215941 2.24908 0 0.273449 180 1 -0 1.69474 -90 0.371015 90 1.69474 90
0.216439 2.23589 0 0.269092 180 1 -0 1.68072 -90 0.365945 90 1.68072 90
0.216938 2.22293 0 0.264835 180 1 -0 1.66693 -90 0.360987 90 1.66693 90
0.217439 2.21018 0 0.260677 180 1 -0 1.65336 -90 0.356139 90 1.65336 90
0.217941 2.19764 0 0.256614 180 1 -0 1.64001 -90 0.351397 90 1.64001 90
0.218444 2.18531 0 0.252643 180 1 -0 1.62686 -90 0.346758 90 1.62686 90
0.218948 2.17317 0 0.248762 180 1 -0 1.61392 -90 0.342219 90 1.61392 90
0.219453 2.16123 0 0.244968 180 1 -0 1.60118 -90 0.337777 90 1.60118 90
0.219959 2.14948 0 0.241257 180 1 -0 1.58863 -90 0.333429 90 1.58863 90
0.220467 2.13791 0 0.237629 180 1 -0 1.57628 -90 0.329172 90 1.57628 90
0.220976 2.12653 0 0.23408 180 1 -0 1.56411 -90 0.325004 90 1.56411 90
0.221486 2.11532 0 0.230608 180 1 -0 1.55212 -90 0.320922 90 1.55212 90
0.221997 2.10428 0 0.22721 180 1 -0 1.54031 -90 0.316924 90 1.54031 90
0.222509 2.09342 0 0.223886 180 1 -0 1.52867 -90 0.313007 90 1.52867 90
0.223022 2.08272 0 0.220632 180 1 -0 1.5172 -90 0.309169 90 1.5172 90
0.223537 2.07218 0 0.217446 180 1 -0 1.5059 -90 0.305409 90 1.5059 90
0.224053 2.0618 0 0.214327 180 1 -0 1.49476 -90 0.301723 90 1.49476 90
0.22457 2.05157 0 0.211273 180 1 -0 1.48378 -90 0.29811 90 1.48378 90
0.225088 2.04149 0 0.208282 180 1 -0 1.47295 -90 0.294567 90 1.47295 90
0.225607 2.03157 0 0.205353 180 1 -0 1.46228 -90 0.291094 90 1.46228 90
0.226128 2.02178 0 0.202483 180 1 -0 1.45175 -90 0.287688 90 1.45175 90
0.22665 2.01214 0 0.19967 180 1 -0 1.44137 -90 0.284347 90 1.44137 90
0.227173 2.00264 0 0.196915 180 1 -0 1.43113 -90 0.28107 90 1.43113 90
0.227697 1.99327 0 0.194214 180 1 -0 1.42104 -90 0.277855 90 1.42104 90
0.228222 1.98404 0 0.191567 180 1 -0 1.41107 -90 0.2747 90 1.41107 90
0.228749 1.97493 0 0.188971 180 1 -0 1.40124 -90 0.271603 90 1.40124 90
0.229277 1.96595 0 0.186427 180 1 -0 1.39154 -90 0.268565 90 1.39154 90
0.229806 1.9571 0 0.183932 180 1 -0 1.38197 -90 0.265581 90 1.38197 90
0.230336 1.94837 0 0.181485 180 1 -0 1.37253 -90 0.262653 90 1.37253 90
0.230868 1.93976 0 0.179084 180 1 -0 1.36321 -90 0.259777 90 1.36321 90
0.231401 1.93127 0 0.17673 180 1 -0 1.354 -90 0.256953 90 1.354 90
0.231935 1.92289 0 0.17442 180 1 -0 1.34492 -90 0.25418 90 1.34492 90
0.23247 1.91463 0 0.172153 180 1 -0 1.33595 -90 0.251456 90 1.33595 90
0.233006 1.90647 0 0.169929 180 1 -0 1.3271 -90 0.24878 90 1.3271 90
0.233544 1.89843 0 0.167746 180 1 -0 1.31835 -90 0.24615 90 1.31835 90
0.234083 1.89049 0 0.165603 180 1 -0 1.30972 -90 0.243567 90 1.30972 90
0.234623 1.88265 0 0.1635 180 1 -0 1.30119 -90 0.241028 90 1.30119 90
0.235164 1.87492 0 0.161434 180 1 -0 1.29277 -90 0.238532 90 1.29277 90
0.235707 1.86729 0 0.159407 180 1 -0 1.28445 -90 0.23608 90 1.28445 90
0.236251 1.85975 0 0.157415 180 1 -0 1.27623 -90 0.233668 90 1.27623 90
0.236796 1.85232 0 0.15546 180 1 -0 1.26811 -90 0.231298 90 1.26811 90
0.237342 1.84498 0 0.153539 180 1 -0 1.26008 -90 0.228967 90 1.26008 90
0.23789 1.83773 0 0.151651 180 1 -0 1.25216 -90 0.226675 90 1.25216 90
0.238439 1.83057 0 0.149798 180 1 -0 1.24432 -90 0.22442 90 1.24432 90
0.238989 1.8235 0 0.147976 180 1 -0 1.23658 -90 0.222203 90 1.23658 90
0.239541 1.81652 0 0.146186 180 1 -0 1.22893 -90 0.220022 90 1.22893 90
0.240093 1.80963 0 0.144427 180 1 -0 1.22137 -90 0.217876 90 1.22137 90
0.240648 1.80282 0 0.142698 180 1 -0 1.21389 -90 0.215764 90 1.21389 90
0.241203 1.7961 0 0.140999 180 1 -0 1.2065 -90 0.213687 90 1.2065 90
0.241759 1.78946 0 0.139328 180 1 -0 1.1992 -90 0.211642 90 1.1992 90
0.242317 1.78289 0 0.137686 180 1 -0 1.19197 -90 0.20963 90 1.19197 90
0.242876 1.77641 0 0.136071 180 1 -0 1.18483 -90 0.207649 90 1.18483 90
0.243437 1.77001 0 0.134483 180 1 -0 1.17777 -90 0.2057 90 1.17777 90
0.243999 1.76368 0 0.132922 180 1 -0 1.17079 -90 0.20378 90 1.17079 90
0.244562 1.75743 0 0.131386 180 1 -0 1.16388 -90 0.201891 90 1.16388 90
0.245126 1.75125 0 0.129875 180 1 -0 1.15705 -90 0.20003 90 1.15705 90
0.245692 1.74514 0 0.128389 180 1 -0 1.15029 -90 0.198198 90 1.15029 90
0.246259 1.73911 0 0.126927 180 1 -0 1.14361 -90 0.196393 90 1.14361 90
0.246827 1.73314 0 0.125489 180 1 -0 1.137 -90 0.194615 90 1.137 90
0.247396 1.72725 0 0.124074 180 1 -0 1.13046 -90 0.192865 90 1.13046 90
0.247967 1.72142 0 0.122681 180 1 -0 1.12399 -90 0.19114 90 1.12399 90
0.248539 1.71566 0 0.12131 180 1 -0 1.11758 -90 0.189441 90 1.11758 90
0.249113 1.70996 0 0.119962 180 1 -0 1.11125 -90 0.187767 90 1.11125 90
0.249688 1.70433 0 0.118634 180 1 -0 1.10498 -90 0.186117 90 1.10498 90
0.250264 1.69876 0 0.117327 180 1 -0 1.09878 -90 0.184491 90 1.09878 90
0.250842 1.69326 0 0.11604 180 1 -0 1.09264 -90 0.182889 90 1.09264 90
0.25142 1.68782 0 0.114774 180 1 -0 1.08656 -90 0.18131 90 1.08656 90
0.252 1.68243 0 0.113526 180 1 -0 1.08054 -90 0.179754 90 1.08054 90
0.252582 1.67711 0 0.112298 180 1 -0 1.07459 -90 0.17822 90 1.07459 90
0.253165 1.67185 0 0.111089 180 1 -0 1.0687 -90 0.176707 90 1.0687 90
0.253749 1.66664 0 0.109898 180 1 -0 1.06286 -90 0.175216 90 1.06286 90
0.254335 1.66149 0 0.108725 180 1 -0 1.05709 -90 0.173745 90 1.05709 90
0.254921 1.6564 0 0.107569 180 1 -0 1.05137 -90 0.172295 90 1.05137 90
0.25551 1.65136 0 0.106431 180 1 -0 1.04571 -90 0.170866 90 1.04571 90
0.256099 1.64638 0 0.105309 180 1 -0 1.0401 -90 0.169455 90 1.0401 90
0.25669 1.64145 0 0.104205 180 1 -0 1.03455 -90 0.168065 90 1.03455 90
0.257283 1.63657 0 0.103116 180 1 -0 1.02905 -90 0.166693 90 1.02905 90
0.257876 1.63175 0 0.102043 180 1 0 1.02361 -90 0.165339 90 1.02361 90
0.258471 1.62697 0 0.100987 180 1 0 1.01822 -90 0.164004 90 1.01822 90
0.259068 1.62225 0 0.0999449 180 1 0 1.01287 -90 0.162687 90 1.01287 90
0.259666 1.61757 0 0.0989182 180 1 0 1.00759 -90 0.161388 90 1.00759 90
0.260265 1.61295 0 0.0979063 180 1 0 1.00235 -90 0.160105 90 1.00235 90
0.260865 1.60837 0 0.0969089 180 1 0 0.997156 -90 0.15884 90 0.997156 90
0.261467 1.60384 0 0.0959257 180 1 0 0.992014 -90 0.157591 90 0.992014 90
0.262071 1.59935 0 0.0949564 180 1 0 0.98692 -90 0.156359 90 0.98692 90
0.262675 1.59492 0 0.0940007 180 1 0 0.981874 -90 0.155142 90 0.981874 90
0.263282 1.59053 0 0.0930585 180 1 0 0.976874 -90 0.153942 90 0.976874 90
0.263889 1.58618 0 0.0921294 180 1 0 0.97192 -90 0.152756 90 0.97192 90
0.264498 1.58187 0 0.0912132 180 1 0 0.967011 -90 0.151586 90 0.967011 90
0.265108 1.57761 0 0.0903097 180 1 0 0.962147 -90 0.150431 90 0.962147 90
0.26572 1.5734 0 0.0894187 180 1 0 0.957327 -90 0.149291 90 0.957327 90
0.266333 1.56922 0 0.0885398 180 1 0 0.95255 -90 0.148164 90 0.95255 90
0.266948 1.56509 0 0.087673 180 1 0 0.947816 -90 0.147052 90 0.947816 90
0.267564 1.561 0 0.0868179 180 1 0 0.943123 -90 0.145954 90 0.943123 90
0.268181 1.55695 0 0.0859744 180 1 0 0.938473 -90 0.14487 90 0.938473 90
0.2688 1.55293 0 0.0851423 180 1 0 0.933863 -90 0.143799 90 0.933863 90
0.26942 1.54896 0 0.0843213 180 1 0 0.929294 -90 0.142741 90 0.929294 90
0.270042 1.54503 0 0.0835113 180 1 0 0.924765 -90 0.141696 90 0.924765 90
0.270665 1.54113 0 0.082712 180 1 0 0.920275 -90 0.140663 90 0.920275 90
0.27129 1.53728 0 0.0819233 180 1 0 0.915824 -90 0.139644 90 0.915824 90
0.271916 1.53346 0 0.0811451 180 1 0 0.911411 -90 0.138636 90 0.911411 90
0.272543 1.52967 0 0.080377 180 1 0 0.907036 -90 0.137641 90 0.907036 90
0.273172 1.52593 0 0.0796189 180 1 0 0.902699 -90 0.136657 90 0.902699 90
0.273803 1.52222 0 0.0788708 180 1 0 0.898398 -90 0.135685 90 0.898398 90
0.274434 1.51854 0 0.0781323 180 1 0 0.894133 -90 0.134725 90 0.894133 90
0.275068 1.5149 0 0.0774033 180 1 0 0.889904 -90 0.133776 90 0.889904 90
0.275702 1.51129 0 0.0766837 180 1 0 0.88571 -90 0.132838 90 0.88571 90
0.276339 1.50772 0 0.0759733 180 1 0 0.881552 -90 0.131911 90 0.881552 90
0.276976 1.50418 0 0.0752719 180 1 0 0.877428 -90 0.130995 90 0.877428 90
0.277615 1.50068 0 0.0745795 180 1 0 0.873337 -90 0.13009 90 0.873337 90
0.278256 1.49721 0 0.0738958 180 1 0 0.869281 -90 0.129194 90 0.869281 90
0.278898 1.49376 0 0.0732207 180 1 0 0.865257 -90 0.12831 90 0.865257 90
0.279542 1.49036 0 0.072554 180 1 0 0.861266 -90 0.127435 90 0.861266 90
0.280187 1.48698 0 0.0718957 180 1 0 0.857308 -90 0.12657 90 0.857308 90
0.280833 1.48363 0 0.0712456 180 1 0 0.853381 -90 0.125715 90 0.853381 90
0.281481 1.48032 0 0.0706035 180 1 0 0.849486 -90 0.124869 90 0.849486 90
0.282131 1.47703 0 0.0699693 180 1 0 0.845622 -90 0.124033 90 0.845622 90
0.282782 1.47377 0 0.0693429 180 1 0 0.841789 -90 0.123206 90 0.841789 90
0.283434 1.47055 0 0.0687241 180 1 0 0.837986 -90 0.122389 90 0.837986 90
0.284088 1.46735 0 0.0681129 180 1 0 0.834213 -90 0.12158 90 0.834213 90
0.284744 1.46418 0 0.0675092 180 1 0 0.830469 -90 0.120781 90 0.830469 90
0.285401 1.46104 0 0.0669127 180 1 0 0.826755 -90 0.11999 90 0.826755 90
0.28606 1.45793 0 0.0663234 180 1 0 0.82307 -90 0.119207 90 0.82307 90
0.28672 1.45485 0 0.0657411 180 1 0 0.819413 -90 0.118434 90 0.819413 90
0.287381 1.45179 0 0.0651659 180 1 0 0.815785 -90 0.117668 90 0.815785 90
0.288044 1.44876 0 0.0645974 180 1 0 0.812184 -90 0.116911 90 0.812184 90
0.288709 1.44576 0 0.0640357 180 1 0 0.808611 -90 0.116162 90 0.808611 90
0.289375 1.44278 0 0.0634807 180 1 0 0.805064 -90 0.11542 90 0.805064 90
0.290043 1.43983 0 0.0629322 180 1 0 0.801545 -90 0.114687 90 0.801545 90
0.290712 1.43691 0 0.0623901 180 1 0 0.798053 -90 0.113962 90 0.798053 90
0.291383 1.43401 0 0.0618543 180 1 0 0.794586 -90 0.113244 90 0.794586 90
0.292056 1.43113 0 0.0613248 180 1 0 0.791146 -90 0.112533 90 0.791146 90
0.292729 1.42828 0 0.0608014 180 1 0 0.787731 -90 0.11183 90 0.787731 90
0.293405 1.42546 0 0.060284 180 1 0 0.784341 -90 0.111135 90 0.784341 90
0.294082 1.42266 0 0.0597726 180 1 0 0.780977 -90 0.110446 90 0.780977 90
0.294761 1.41988 0 0.0592671 180 1 0 0.777637 -90 0.109765 90 0.777637 90
0.295441 1.41713 0 0.0587673 180 1 0 0.774321 -90 0.10909 90 0.774321 90
0.296123 1.4144 0 0.0582732 180 1 0 0.77103 -90 0.108423 90 0.77103 90
0.296806 1.41169 0 0.0577847 180 1 0 0.767763 -90 0.107762 90 0.767763 90
0.297491 1.40901 0 0.0573018 180 1 0 0.764519 -90 0.107108 90 0.764519 90
0.298177 1.40635 0 0.0568243 180 1 0 0.761299 -90 0.10646 90 0.761299 90
0.298865 1.40371 0 0.0563521 180 1 0 0.758102 -90 0.105819 90 0.758102 90
0.299555 1.4011 0 0.0558852 180 1 0 0.754928 -90 0.105185 90 0.754928 90
0.300246 1.3985 0 0.0554235 180 1 0 0.751776 -90 0.104557 90 0.751776 90
0.300939 1.39593 0 0.0549669 180 1 0 0.748647 -90 0.103935 90 0.748647 90
0.301633 1.39338 0 0.0545154 180 1 0 0.745539 -90 0.103319 90 0.745539 90
0.302329 1.39085 0 0.0540689 180 1 0 0.742454 -90 0.102709 90 0.742454 90
0.303027 1.38834 0 0.0536272 180 1 0 0.73939 -90 0.102105 90 0.73939 90
0.303726 1.38585 0 0.0531904 180 1 0 0.736348 -90 0.101507 90 0.736348 90
0.304427 1.38338 0 0.0527584 180 1 0 0.733326 -90 0.100915 90 0.733326 90
0.30513 1.38094 0 0.052331 180 1 0 0.730326 -90 0.100328 90 0.730326 90
0.305834 1.37851 0 0.0519083 180 1 0 0.727346 -90 0.0997476 90 0.727346 90
0.30654 1.3761 0 0.0514902 180 1 0 0.724387 -90 0.0991723 90 0.724387 90
0.307247 1.37371 0 0.0510765 180 1 0 0.721448 -90 0.0986026 90 0.721448 90
0.307956 1.37134 0 0.0506673 180 1 0 0.718529 -90 0.0980383 90 0.718529 90
0.308666 1.36899 0 0.0502624 180 1 0 0.71563 -90 0.0974794 90 0.71563 90
0.309379 1.36666 0 0.0498619 180 1 0 0.71275 -90 0.0969257 90 0.71275 90
0.310093 1.36435 0 0.0494656 180 1 0 0.70989 -90 0.0963772 90 0.70989 90
0.310808 1.36206 0 0.0490735 180 1 0 0.707049 -90 0.0958339 90 0.707049 90
0.311525 1.35978 0 0.0486855 180 1 0 0.704227 -90 0.0952956 90 0.704227 90
0.312244 1.35753 0 0.0483016 180 1 0 0.701424 -90 0.0947624 90 0.701424 90
0.312965 1.35529 0 0.0479217 180 1 0 0.69864 -90 0.0942341 90 0.69864 90
0.313687 1.35306 0 0.0475458 180 1 0 0.695874 -90 0.0937106 90 0.695874 90
0.314411 1.35086 0 0.0471738 180 1 0 0.693126 -90 0.093192 90 0.693126 90
0.315136 1.34867 0 0.0468057 180 1 0 0.690396 -90 0.0926781 90 0.690396 90
0.315864 1.3465 0 0.0464414 180 1 0 0.687684 -90 0.0921689 90 0.687684 90
0.316592 1.34435 0 0.0460808 180 1 0 0.684989 -90 0.0916643 90 0.684989 90
0.317323 1.34222 0 0.0457239 180 1 0 0.682312 -90 0.0911643 90 0.682312 90
0.318055 1.3401 0 0.0453707 180 1 0 0.679653 -90 0.0906688 90 0.679653 90
0.318789 1.338 0 0.0450211 180 1 0 0.67701 -90 0.0901777 90 0.67701 90
0.319525 1.33591 0 0.044675 180 1 0 0.674385 -90 0.089691 90 0.674385 90
0.320262 1.33384 0 0.0443325 180 1 0 0.671776 -90 0.0892087 90 0.671776 90
0.321001 1.33179 0 0.0439934 180 1 0 0.669184 -90 0.0887306 90 0.669184 90
0.321742 1.32975 0 0.0436577 180 1 0 0.666608 -90 0.0882568 90 0.666608 90
0.322484 1.32773 0 0.0433254 180 1 0 0.664049 -90 0.0877872 90 0.664049 90
0.323228 1.32572 0 0.0429964 180 1 0 0.661505 -90 0.0873216 90 0.661505 90
0.323974 1.32373 0 0.0426707 180 1 0 0.658978 -90 0.0868602 90 0.658978 90
0.324722 1.32175 0 0.0423483 180 1 0 0.656467 -90 0.0864027 90 0.656467 90
0.325471 1.31979 0 0.0420291 180 1 0 0.653971 -90 0.0859492 90 0.653971 90
0.326222 1.31784 0 0.041713 180 1 0 0.65149 -90 0.0854997 90 0.65149 90
0.326975 1.31591 0 0.0414 180 1 0 0.649026 -90 0.085054 90 0.649026 90
0.327729 1.314 0 0.0410901 180 1 0 0.646576 -90 0.0846121 90 0.646576 90
0.328486 1.31209 0 0.0407832 180 1 0 0.644141 -90 0.084174 90 0.644141 90
0.329244 1.31021 0 0.0404794 180 1 0 0.641721 -90 0.0837397 90 0.641721 90
0.330003 1.30833 0 0.0401785 180 1 0 0.639316 -90 0.083309 90 0.639316 90
0.330765 1.30647 0 0.0398805 180 1 0 0.636926 -90 0.082882 90 0.636926 90
0.331528 1.30462 0 0.0395854 180 1 0 0.63455 -90 0.0824586 90 0.63455 90
0.332293 1.30279 0 0.0392932 180 1 0 0.632188 -90 0.0820387 90 0.632188 90
0.33306 1.30097 0 0.0390038 180 1 0 0.629841 -90 0.0816223 90 0.629841 90
0.333829 1.29917 0 0.0387171 180 1 0 0.627508 -90 0.0812094 90 0.627508 90
0.334599 1.29738 0 0.0384332 180 1 0 0.625189 -90 0.0808 90 0.625189 90
0.335371 1.2956 0 0.038152 180 1 0 0.622883 -90 0.0803939 90 0.622883 90
0.336145 1.29383 0 0.0378735 180 1 0 0.620591 -90 0.0799912 90 0.620591 90
0.336921 1.29208 0 0.0375976 180 1 0 0.618313 -90 0.0795917 90 0.618313 90
0.337698 1.29034 0 0.0373244 180 1 0 0.616049 -90 0.0791956 90 0.616049 90
0.338477 1.28861 0 0.0370537 180 1 0 0.613797 -90 0.0788027 90 0.613797 90
0.339258 1.2869 0 0.0367856 180 1 0 0.611559 -90 0.078413 90 0.611559 90
0.340041 1.2852 0 0.0365199 180 1 0 0.609334 -90 0.0780264 90 0.609334 90
0.340826 1.28351 0 0.0362568 180 1 0 0.607121 -90 0.0776429 90 0.607121 90
0.341612 1.28183 0 0.0359961 180 1 0 0.604922 -90 0.0772626 90 0.604922 90
0.342401 1.28016 0 0.0357379 180 1 0 0.602735 -90 0.0768852 90 0.602735 90
0.343191 1.27851 0 0.035482 180 1 0 0.600561 -90 0.0765109 90 0.600561 90
0.343983 1.27687 0 0.0352285 180 1 0 0.5984 -90 0.0761396 90 0.5984 90
0.344776 1.27524 0 0.0349774 180 1 0 0.596251 -90 0.0757712 90 0.596251 90
0.345572 1.27362 0 0.0347285 180 1 0 0.594114 -90 0.0754058 90 0.594114 90
0.346369 1.27202 0 0.0344819 180 1 0 0.591989 -90 0.0750432 90 0.591989 90
0.347169 1.27042 0 0.0342376 180 1 0 0.589876 -90 0.0746834 90 0.589876 90
0.34797 1.26884 0 0.0339956 180 1 0 0.587776 -90 0.0743265 90 0.587776 90
0.348773 1.26727 0 0.0337557 180 1 0 0.585687 -90 0.0739723 90 0.585687 90
0.349578 1.2657 0 0.033518 180 1 0 0.583609 -90 0.0736209 90 0.583609 90
0.350384 1.26415 0 0.0332824 180 1 0 0.581544 -90 0.0732723 90 0.581544 90
0.351193 1.26262 0 0.033049 180 1 0 0.57949 -90 0.0729263 90 0.57949 90
0.352003 1.26109 0 0.0328177 180 1 0 0.577447 -90 0.0725829 90 0.577447 90
0.352815 1.25957 0 0.0325885 180 1 0 0.575416 -90 0.0722422 90 0.575416 90
0.35363 1.25806 0 0.0323613 180 1 0 0.573396 -90 0.0719041 90 0.573396 90
0.354446 1.25657 0 0.0321361 180 1 0 0.571387 -90 0.0715686 90 0.571387 90
0.355263 1.25508 0 0.0319129 180 1 0 0.569389 -90 0.0712356 90 0.569389 90
0.356083 1.25361 0 0.0316918 180 1 0 0.567402 -90 0.0709052 90 0.567402 90
0.356905 1.25214 0 0.0314726 180 1 0 0.565426 -90 0.0705772 90 0.565426 90
0.357729 1.25069 0 0.0312553 180 1 0 0.563461 -90 0.0702517 90 0.563461 90
0.358554 1.24924 0 0.0310399 180 1 0 0.561506 -90 0.0699286 90 0.561506 90
0.359381 1.24781 0 0.0308264 180 1 0 0.559562 -90 0.0696079 90 0.559562 90
0.360211 1.24638 0 0.0306148 180 1 0 0.557628 -90 0.0692897 90 0.557628 90
0.361042 1.24497 0 0.0304051 180 1 0 0.555705 -90 0.0689737 90 0.555705 90
0.361875 1.24356 0 0.0301972 180 1 0 0.553792 -90 0.0686601 90 0.553792 90
0.36271 1.24217 0 0.0299911 180 1 0 0.55189 -90 0.0683489 90 0.55189 90
0.363547 1.24078 0 0.0297867 180 1 0 0.549997 -90 0.0680399 90 0.549997 90
0.364386 1.2394 0 0.0295842 180 1 0 0.548115 -90 0.0677331 90 0.548115 90
0.365227 1.23804 0 0.0293834 180 1 0 0.546242 -90 0.0674286 90 0.546242 90
0.36607 1.23668 0 0.0291843 180 1 0 0.54438 -90 0.0671263 90 0.54438 90
0.366914 1.23533 0 0.0289869 180 1 0 0.542527 -90 0.0668262 90 0.542527 90
0.367761 1.23399 0 0.0287913 180 1 0 0.540684 -90 0.0665283 90 0.540684 90
0.36861 1.23266 0 0.0285973 180 1 0 0.53885 -90 0.0662325 90 0.53885 90
0.36946 1.23134 0 0.0284049 180 1 0 0.537026 -90 0.0659388 90 0.537026 90
0.370313 1.23003 0 0.0282142 180 1 0 0.535212 -90 0.0656473 90 0.535212 90
0.371167 1.22872 0 0.0280251 180 1 0 0.533407 -90 0.0653578 90 0.533407 90
0.372024 1.22743 0 0.0278376 180 1 0 0.531611 -90 0.0650703 90 0.531611 90
0.372882 1.22614 0 0.0276517 180 1 0 0.529825 -90 0.0647849 90 0.529825 90
0.373743 1.22486 0 0.0274674 180 1 0 0.528048 -90 0.0645015 90 0.528048 90
0.374605 1.2236 0 0.0272846 180 1 0 0.52628 -90 0.0642201 90 0.52628 90
0.375469 1.22234 0 0.0271033 180 1 0 0.524521 -90 0.0639407 90 0.524521 90
0.376336 1.22108 0 0.0269236 180 1 0 0.522771 -90 0.0636632 90 0.522771 90
0.377204 1.21984 0 0.0267454 180 1 0 0.521029 -90 0.0633877 90 0.521029 90
0.378075 1.2186 0 0.0265686 180 1 0 0.519297 -90 0.0631141 90 0.519297 90
0.378947 1.21738 0 0.0263933 180 1 0 0.517573 -90 0.0628423 90 0.517573 90
0.379822 1.21616 0 0.0262195 180 1 0 0.515859 -90 0.0625725 90 0.515859 90
0.380698 1.21495 0 0.0260471 180 1 0 0.514152 -90 0.0623045 90 0.514152 90
0.381576 1.21374 0 0.0258761 180 1 0 0.512455 -90 0.0620383 90 0.512455 90
0.382457 1.21255 0 0.0257065 180 1 0 0.510765 -90 0.061774 90 0.510765 90
0.38334 1.21136 0 0.0255383 180 1 0 0.509084 -90 0.0615115 90 0.509084 90
0.384224 1.21018 0 0.0253715 180 1 0 0.507412 -90 0.0612507 90 0.507412 90
0.385111 1.20901 0 0.0252061 180 1 0 0.505748 -90 0.0609917 90 0.505748 90
0.385999 1.20785 0 0.025042 180 1 0 0.504092 -90 0.0607345 90 0.504092 90
0.38689 1.20669 0 0.0248792 180 1 0 0.502444 -90 0.060479 90 0.502444 90
0.387783 1.20554 0 0.0247178 180 1 0 0.500804 -90 0.0602252 90 0.500804 90
0.388678 1.2044 0 0.0245577 180 1 0 0.499173 -90 0.0599731 90 0.499173 90
0.389575 1.20327 0 0.0243988 180 1 0 0.497549 -90 0.0597227 90 0.497549 90
0.390474 1.20214 0 0.0242413 180 1 0 0.495933 -90 0.0594739 90 0.495933 90
0.391375 1.20102 0 0.024085 180 1 0 0.494325 -90 0.0592268 90 0.494325 90
0.392278 1.19991 0 0.0239299 180 1 0 0.492725 -90 0.0589814 90 0.492725 90
0.393183 1.1988 0 0.0237761 180 1 0 0.491133 -90 0.0587375 90 0.491133 90
0.39409 1.19771 0 0.0236236 180 1 0 0.489548 -90 0.0584953 90 0.489548 90
0.395 1.19662 0 0.0234722 180 1 0 0.487971 -90 0.0582546 90 0.487971 90
0.395911 1.19553 0 0.0233221 180 1 0 0.486401 -90 0.0580155 90 0.486401 90
0.396825 1.19446 0 0.0231731 180 1 0 0.484839 -90 0.057778 90 0.484839 90
0.39774 1.19339 0 0.0230253 180 1 0 0.483285 -90 0.057542 90 0.483285 90
0.398658 1.19232 0 0.0228787 180 1 0 0.481738 -90 0.0573076 90 0.481738 90
0.399578 1.19127 0 0.0227332 180 1 0 0.480198 -90 0.0570746 90 0.480198 90
0.4005 1.19022 0 0.0225889 180 1 0 0.478665 -90 0.0568432 90 0.478665 90
0.401424 1.18917 0 0.0224458 180 1 0 0.47714 -90 0.0566132 90 0.47714 90
0.402351 1.18814 0 0.0223037 180 1 0 0.475622 -90 0.0563847 90 0.475622 90
0.403279 1.18711 0 0.0221627 180 1 0 0.474111 -90 0.0561577 90 0.474111 90
0.40421 1.18609 0 0.0220229 180 1 0 0.472607 -90 0.0559321 90 0.472607 90
0.405142 1.18507 0 0.0218841 180 1 0 0.47111 -90 0.0557079 90 0.47111 90
0.406077 1.18406 0 0.0217465 180 1 0 0.46962 -90 0.0554852 90 0.46962 90
0.407014 1.18306 0 0.0216098 180 1 0 0.468137 -90 0.0552638 90 0.468137 90
0.407953 1.18206 0 0.0214743 180 1 0 0.466661 -90 0.0550439 90 0.466661 90
0.408895 1.18107 0 0.0213398 180 1 0 0.465192 -90 0.0548253 90 0.465192 90
0.409838 1.18008 0 0.0212063 180 1 0 0.463729 -90 0.0546081 90 0.463729 90
0.410784 1.1791 0 0.0210738 180 1 0 0.462273 -90 0.0543922 90 0.462273 90
0.411732 1.17813 0 0.0209424 180 1 0 0.460824 -90 0.0541777 90 0.460824 90
0.412682 1.17717 0 0.020812 180 1 0 0.459382 -90 0.0539645 90 0.459382 90
0.413634 1.1762 0 0.0206825 180 1 0 0.457946 -90 0.0537527 90 0.457946 90
0.414589 1.17525 0 0.0205541 180 1 0 0.456517 -90 0.0535421 90 0.456517 90
0.415546 1.1743 0 0.0204266 180 1 0 0.455094 -90 0.0533328 90 0.455094 90
0.416504 1.17336 0 0.0203001 180 1 0 0.453677 -90 0.0531248 90 0.453677 90
0.417466 1.17242 0 0.0201745 180 1 0 0.452267 -90 0.0529181 90 0.452267 90
0.418429 1.17149 0 0.0200499 180 1 0 0.450864 -90 0.0527126 90 0.450864 90
0.419394 1.17057 0 0.0199263 180 1 0 0.449466 -90 0.0525084 90 0.449466 90
0.420362 1.16965 0 0.0198036 180 1 0 0.448075 -90 0.0523054 90 0.448075 90
0.421332 1.16873 0 0.0196818 180 1 0 0.44669 -90 0.0521037 90 0.44669 90
0.422304 1.16783 0 0.0195609 180 1 0 0.445312 -90 0.0519031 90 0.445312 90
0.423279 1.16692 0 0.0194409 180 1 0 0.443939 -90 0.0517038 90 0.443939 90
0.424256 1.16603 0 0.0193218 180 1 0 0.442573 -90 0.0515056 90 0.442573 90
0.425235 1.16514 0 0.0192036 180 1 0 0.441212 -90 0.0513087 90 0.441212 90
0.426216 1.16425 0 0.0190863 180 1 0 0.439858 -90 0.0511129 90 0.439858 90
0.427199 1.16337 0 0.0189698 180 1 0 0.43851 -90 0.0509183 90 0.43851 90
0.428185 1.16249 0 0.0188542 180 1 0 0.437167 -90 0.0507248 90 0.437167 90
0.429173 1.16162 0 0.0187395 180 1 0 0.435831 -90 0.0505324 90 0.435831 90
0.430164 1.16076 0 0.0186256 180 1 0 0.4345 -90 0.0503412 90 0.4345 90
0.431156 1.1599 0 0.0185126 180 1 0 0.433175 -90 0.0501512 90 0.433175 90
0.432151 1.15905 0 0.0184003 180 1 0 0.431856 -90 0.0499622 90 0.431856 90
0.433148 1.1582 0 0.0182889 180 1 0 0.430543 -90 0.0497743 90 0.430543 90
0.434148 1.15735 0 0.0181784 180 1 0 0.429235 -90 0.0495875 90 0.429235 90
0.43515 1.15652 0 0.0180686 180 1 0 0.427933 -90 0.0494018 90 0.427933 90
0.436154 1.15568 0 0.0179596 180 1 0 0.426637 -90 0.0492172 90 0.426637 90
0.43716 1.15485 0 0.0178515 180 1 0 0.425346 -90 0.0490337 90 0.425346 90
0.438169 1.15403 0 0.0177441 180 1 0 0.42406 -90 0.0488512 90 0.42406 90
0.43918 1.15321 0 0.0176375 180 1 0 0.422781 -90 0.0486697 90 0.422781 90
0.440194 1.1524 0 0.0175316 180 1 0 0.421506 -90 0.0484893 90 0.421506 90
0.441209 1.15159 0 0.0174266 180 1 0 0.420238 -90 0.0483099 90 0.420238 90
0.442227 1.15079 0 0.0173223 180 1 0 0.418974 -90 0.0481316 90 0.418974 90
0.443248 1.14999 0 0.0172187 180 1 0 0.417716 -90 0.0479542 90 0.417716 90
0.444271 1.14919 0 0.0171159 180 1 0 0.416463 -90 0.0477779 90 0.416463 90
0.445296 1.1484 0 0.0170138 180 1 0 0.415216 -90 0.0476026 90 0.415216 90
0.446323 1.14762 0 0.0169125 180 1 0 0.413974 -90 0.0474282 90 0.413974 90
0.447353 1.14684 0 0.0168119 180 1 0 0.412737 -90 0.0472548 90 0.412737 90
0.448386 1.14606 0 0.016712 180 1 0 0.411505 -90 0.0470824 90 0.411505 90
0.44942 1.14529 0 0.0166128 180 1 0 0.410278 -90 0.046911 90 0.410278 90
0.450457 1.14453 0 0.0165143 180 1 0 0.409057 -90 0.0467405 90 0.409057 90
0.451497 1.14377 0 0.0164165 180 1 0 0.40784 -90 0.0465709 90 0.40784 90
0.452539 1.14301 0 0.0163194 180 1 0 0.406629 -90 0.0464023 90 0.406629 90
0.453583 1.14226 0 0.016223 180 1 0 0.405423 -90 0.0462347 90 0.405423 90
0.45463 1.14151 0 0.0161273 180 1 0 0.404222 -90 0.0460679 90 0.404222 90
0.455679 1.14076 0 0.0160322 180 1 0 0.403025 -90 0.0459021 90 0.403025 90
0.45673 1.14003 0 0.0159379 180 1 0 0.401834 -90 0.0457372 90 0.401834 90
0.457784 1.13929 0 0.0158441 180 1 0 0.400647 -90 0.0455732 90 0.400647 90
0.45884 1.13856 0 0.0157511 180 1 0 0.399466 -90 0.0454101 90 0.399466 90
0.459899 1.13783 0 0.0156587 180 1 0 0.398289 -90 0.0452478 90 0.398289 90
0.46096 1.13711 0 0.0155669 180 1 0 0.397117 -90 0.0450865 90 0.397117 90
0.462024 1.13639 0 0.0154758 180 1 0 0.39595 -90 0.044926 90 0.39595 90
0.46309 1.13568 0 0.0153853 180 1 0 0.394788 -90 0.0447664 90 0.394788 90
0.464159 1.13497 0 0.0152955 180 1 0 0.39363 -90 0.0446076 90 0.39363 90
0.46523 1.13427 0 0.0152062 180 1 0 0.392477 -90 0.0444497 90 0.392477 90
0.466303 1.13357 0 0.0151176 180 1 0 0.391329 -90 0.0442927 90 0.391329 90
0.46738 1.13287 0 0.0150296 180 1 0 0.390185 -90 0.0441365 90 0.390185 90
0.468458 1.13218 0 0.0149422 180 1 0 0.389046 -90 0.0439811 90 0.389046 90
0.469539 1.13149 0 0.0148554 180 1 0 0.387911 -90 0.0438265 90 0.387911 90
0.470622 1.1308 0 0.0147693 180 1 0 0.386781 -90 0.0436728 90 0.386781 90
0.471708 1.13012 0 0.0146837 180 1 0 0.385656 -90 0.0435199 90 0.385656 90
0.472797 1.12944 0 0.0145986 180 1 0 0.384535 -90 0.0433678 90 0.384535 90
0.473888 1.12877 0 0.0145142 180 1 0 0.383419 -90 0.0432164 90 0.383419 90
0.474981 1.1281 0 0.0144304 180 1 0 0.382307 -90 0.0430659 90 0.382307 90
0.476078 1.12744 0 0.0143471 180 1 0 0.381199 -90 0.0429162 90 0.381199 90
0.477176 1.12678 0 0.0142644 180 1 0 0.380096 -90 0.0427672 90 0.380096 90
0.478277 1.12612 0 0.0141822 180 1 0 0.378997 -90 0.0426191 90 0.378997 90
0.479381 1.12546 0 0.0141006 180 1 0 0.377902 -90 0.0424717 90 0.377902 90
0.480487 1.12481 0 0.0140196 180 1 0 0.376812 -90 0.042325 90 0.376812 90
0.481596 1.12417 0 0.0139391 180 1 0 0.375726 -90 0.0421791 90 0.375726 90
0.482707 1.12353 0 0.0138592 180 1 0 0.374645 -90 0.042034 90 0.374645 90
0.483821 1.12289 0 0.0137798 180 1 0 0.373567 -90 0.0418896 90 0.373567 90
0.484937 1.12225 0 0.0137009 180 1 0 0.372494 -90 0.041746 90 0.372494 90
0.486056 1.12162 0 0.0136226 180 1 0 0.371425 -90 0.0416031 90 0.371425 90
0.487178 1.12099 0 0.0135448 180 1 0 0.37036 -90 0.0414609 90 0.37036 90
0.488302 1.12037 0 0.0134675 180 1 0 0.369299 -90 0.0413195 90 0.369299 90
0.489429 1.11975 0 0.0133907 180 1 0 0.368243 -90 0.0411787 90 0.368243 90
0.490558 1.11913 0 0.0133144 180 1 0 0.36719 -90 0.0410387 90 0.36719 90
0.49169 1.11852 0 0.0132387 180 1 0 0.366142 -90 0.0408994 90 0.366142 90
0.492825 1.11791 0 0.0131635 180 1 0 0.365097 -90 0.0407608 90 0.365097 90
0.493962 1.1173 0 0.0130887 180 1 0 0.364057 -90 0.0406229 90 0.364057 90
0.495102 1.1167 0 0.0130145 180 1 0 0.36302 -90 0.0404857 90 0.36302 90
0.496244 1.1161 0 0.0129407 180 1 0 0.361988 -90 0.0403491 90 0.361988 90
0.49739 1.1155 0 0.0128675 180 1 0 0.36096 -90 0.0402133 90 0.36096 90
0.498537 1.11491 0 0.0127947 180 1 0 0.359935 -90 0.0400781 90 0.359935 90
0.499688 1.11432 0 0.0127224 180 1 0 0.358914 -90 0.0399436 90 0.358914 90
0.500841 1.11373 0 0.0126506 180 1 0 0.357897 -90 0.0398098 90 0.357897 90
0.501997 1.11315 0 0.0125792 180 1 0 0.356884 -90 0.0396766 90 0.356884 90
0.503155 1.11257 0 0.0125084 180 1 0 0.355875 -90 0.0395441 90 0.355875 90
0.504316 1.11199 0 0.0124379 180 1 0 0.35487 -90 0.0394122 90 0.35487 90
0.50548 1.11142 0 0.012368 180 1 0 0.353869 -90 0.039281 90 0.353869 90
0.506646 1.11085 0 0.0122985 180 1 0 0.352871 -90 0.0391505 90 0.352871 90
0.507815 1.11028 0 0.0122295 180 1 0 0.351877 -90 0.0390205 90 0.351877 90
0.508987 1.10972 0 0.0121609 180 1 0 0.350887 -90 0.0388912 90 0.350887 90
0.510162 1.10916 0 0.0120927 180 1 0 0.3499 -90 0.0387626 90 0.3499 90
0.511339 1.1086 0 0.0120251 180 1 0 0.348917 -90 0.0386345 90 0.348917 90
0.512519 1.10805 0 0.0119578 180 1 0 0.347938 -90 0.0385071 90 0.347938 90
0.513701 1.1075 0 0.011891 180 1 0 0.346962 -90 0.0383803 90 0.346962 90
0.514887 1.10695 0 0.0118246 180 1 0 0.34599 -90 0.0382541 90 0.34599 90
0.516075 1.1064 0 0.0117586 180 1 0 0.345022 -90 0.0381285 90 0.345022 90
0.517266 1.10586 0 0.0116931 180 1 0 0.344057 -90 0.0380035 90 0.344057 90
0.518459 1.10532 0 0.011628 180 1 0 0.343096 -90 0.0378791 90 0.343096 90
0.519656 1.10479 0 0.0115633 180 1 0 0.342139 -90 0.0377554 90 0.342139 90
0.520855 1.10425 0 0.0114991 180 1 0 0.341184 -90 0.0376322 90 0.341184 90
0.522057 1.10372 0 0.0114352 180 1 0 0.340234 -90 0.0375095 90 0.340234 90
0.523261 1.1032 0 0.0113718 180 1 0 0.339287 -90 0.0373875 90 0.339287 90
0.524469 1.10267 0 0.0113087 180 1 0 0.338343 -90 0.037266 90 0.338343 90
0.525679 1.10215 0 0.0112461 180 1 0 0.337403 -90 0.0371452 90 0.337403 90
0.526892 1.10163 0 0.0111839 180 1 0 0.336466 -90 0.0370248 90 0.336466 90
0.528108 1.10112 0 0.011122 180 1 0 0.335533 -90 0.0369051 90 0.335533 90
0.529327 1.10061 0 0.0110606 180 1 0 0.334603 -90 0.0367859 90 0.334603 90
0.530548 1.1001 0 0.0109995 180 1 0 0.333676 -90 0.0366673 90 0.333676 90
0.531772 1.09959 0 0.0109389 180 1 0 0.332753 -90 0.0365492 90 0.332753 90
0.532999 1.09909 0 0.0108786 180 1 0 0.331833 -90 0.0364317 90 0.331833 90
0.534229 1.09858 0 0.0108187 180 1 0 0.330916 -90 0.0363147 90 0.330916 90
0.535462 1.09809 0 0.0107592 180 1 0 0.330003 -90 0.0361983 90 0.330003 90
0.536698 1.09759 0 0.0107 180 1 0 0.329093 -90 0.0360824 90 0.329093 90
0.537936 1.0971 0 0.0106413 180 1 0 0.328186 -90 0.035967 90 0.328186 90
0.539177 1.09661 0 0.0105829 180 1 0 0.327283 -90 0.0358522 90 0.327283 90
0.540422 1.09612 0 0.0105248 180 1 0 0.326383 -90 0.0357379 90 0.326383 90
0.541669 1.09564 0 0.0104672 180 1 0 0.325486 -90 0.0356241 90 0.325486 90
0.542919 1.09515 0 0.0104099 180 1 0 0.324592 -90 0.0355108 90 0.324592 90
0.544171 1.09467 0 0.0103529 180 1 0 0.323701 -90 0.0353981 90 0.323701 90
0.545427 1.0942 0 0.0102964 180 1 0 0.322814 -90 0.0352858 90 0.322814 90
0.546686 1.09372 0 0.0102401 180 1 0 0.321929 -90 0.0351741 90 0.321929 90
0.547947 1.09325 0 0.0101843 180 1 0 0.321048 -90 0.0350629 90 0.321048 90
0.549212 1.09278 0 0.0101287 180 1 0 0.32017 -90 0.0349522 90 0.32017 90
0.550479 1.09231 0 0.0100735 180 1 0 0.319295 -90 0.034842 90 0.319295 90
0.551749 1.09185 0 0.0100187 180 1 0 0.318423 -90 0.0347323 90 0.318423 90
0.553022 1.09139 0 0.00996421 180 1 0 0.317554 -90 0.0346231 90 0.317554 90
0.554299 1.09093 0 0.00991005 180 1 0 0.316689 -90 0.0345143 90 0.316689 90
0.555578 1.09047 0 0.00985623 180 1 0 0.315826 -90 0.0344061 90 0.315826 90
0.55686 1.09002 0 0.00980274 180 1 0 0.314966 -90 0.0342983 90 0.314966 90
0.558145 1.08957 0 0.00974958 180 1 0 0.31411 -90 0.034191 90 0.31411 90
0.559433 1.08912 0 0.00969675 180 1 0 0.313256 -90 0.0340842 90 0.313256 90
0.560723 1.08867 0 0.00964424 180 1 0 0.312405 -90 0.0339779 90 0.312405 90
0.562017 1.08823 0 0.00959206 180 1 0 0.311557 -90 0.0338721 90 0.311557 90
0.563314 1.08779 0 0.0095402 180 1 0 0.310712 -90 0.0337667 90 0.310712 90
0.564614 1.08735 0 0.00948866 180 1 0 0.30987 -90 0.0336617 90 0.30987 90
0.565917 1.08691 0 0.00943744 180 1 0 0.309031 -90 0.0335573 90 0.309031 90
0.567223 1.08648 0 0.00938653 180 1 0 0.308195 -90 0.0334533 90 0.308195 90
0.568532 1.08604 0 0.00933593 180 1 0 0.307362 -90 0.0333497 90 0.307362 90
0.569844 1.08561 0 0.00928564 180 1 0 0.306532 -90 0.0332466 90 0.306532 90
0.571159 1.08519 0 0.00923566 180 1 0 0.305704 -90 0.033144 90 0.305704 90
0.572477 1.08476 0 0.00918598 180 1 0 0.30488 -90 0.0330418 90 0.30488 90
0.573798 1.08434 0 0.00913661 180 1 0 0.304058 -90 0.03294 90 0.304058 90
0.575122 1.08392 0 0.00908754 180 1 0 0.303239 -90 0.0328387 90 0.303239 90
0.576449 1.0835 0 0.00903877 180 1 0 0.302423 -90 0.0327378 90 0.302423 90
0.577779 1.08308 0 0.00899029 180 1 0 0.301609 -90 0.0326374 90 0.301609 90
0.579112 1.08267 0 0.00894211 180 1 0 0.300799 -90 0.0325374 90 0.300799 90
0.580449 1.08226 0 0.00889422 180 1 0 0.299991 -90 0.0324378 90 0.299991 90
0.581788 1.08185 0 0.00884662 180 1 0 0.299185 -90 0.0323386 90 0.299185 90
0.583131 1.08144 0 0.0087993 180 1 0 0.298383 -90 0.0322399 90 0.298383 90
0.584476 1.08103 0 0.00875228 180 1 0 0.297583 -90 0.0321416 90 0.297583 90
0.585825 1.08063 0 0.00870553 180 1 0 0.296786 -90 0.0320437 90 0.296786 90
0.587177 1.08023 0 0.00865907 180 1 0 0.295992 -90 0.0319463 90 0.295992 90
0.588532 1.07983 0 0.00861289 180 1 0 0.2952 -90 0.0318492 90 0.2952 90
0.58989 1.07943 0 0.00856698 180 1 0 0.294411 -90 0.0317526 90 0.294411 90
0.591251 1.07904 0 0.00852136 180 1 0 0.293625 -90 0.0316563 90 0.293625 90
0.592615 1.07865 0 0.008476 180 1 0 0.292841 -90 0.0315605 90 0.292841 90
0.593983 1.07826 0 0.00843092 180 1 0 0.29206 -90 0.0314651 90 0.29206 90
0.595353 1.07787 0 0.00838611 180 1 0 0.291282 -90 0.03137 90 0.291282 90
0.596727 1.07748 0 0.00834156 180 1 0 0.290506 -90 0.0312754 90 0.290506 90
0.598104 1.0771 0 0.00829728 180 1 0 0.289733 -90 0.0311812 90 0.289733 90
0.599484 1.07672 0 0.00825327 180 1 0 0.288962 -90 0.0310873 90 0.288962 90
0.600868 1.07634 0 0.00820952 180 1 0 0.288194 -90 0.0309939 90 0.288194 90
0.602254 1.07596 0 0.00816602 180 1 0 0.287428 -90 0.0309008 90 0.287428 90
0.603644 1.07558 0 0.00812279 180 1 0 0.286665 -90 0.0308082 90 0.286665 90
0.605037 1.07521 0 0.00807981 180 1 0 0.285905 -90 0.0307159 90 0.285905 90
0.606433 1.07484 0 0.00803709 180 1 0 0.285147 -90 0.030624 90 0.285147 90
0.607832 1.07447 0 0.00799462 180 1 0 0.284391 -90 0.0305325 90 0.284391 90
0.609235 1.0741 0 0.00795241 180 1 0 0.283638 -90 0.0304413 90 0.283638 90
0.610641 1.07373 0 0.00791044 180 1 0 0.282888 -90 0.0303505 90 0.282888 90
0.61205 1.07337 0 0.00786872 180 1 0 0.28214 -90 0.0302601 90 0.28214 90
0.613462 1.073 0 0.00782725 180 1 0 0.281394 -90 0.0301701 90 0.281394 90
0.614878 1.07264 0 0.00778602 180 1 0 0.280651 -90 0.0300804 90 0.280651 90
0.616297 1.07229 0 0.00774504 180 1 0 0.27991 -90 0.0299911 90 0.27991 90
0.617719 1.07193 0 0.00770429 180 1 0 0.279172 -90 0.0299022 90 0.279172 90
0.619144 1.07157 0 0.00766379 180 1 0 0.278436 -90 0.0298136 90 0.278436 90
0.620573 1.07122 0 0.00762352 180 1 0 0.277703 -90 0.0297254 90 0.277703 90
0.622005 1.07087 0 0.00758349 180 1 0 0.276972 -90 0.0296376 90 0.276972 90
0.62344 1.07052 0 0.00754369 180 1 0 0.276243 -90 0.0295501 90 0.276243 90
0.624879 1.07017 0 0.00750413 180 1 0 0.275517 -90 0.0294629 90 0.275517 90
0.626321 1.06983 0 0.0074648 180 1 0 0.274793 -90 0.0293761 90 0.274793 90
0.627766 1.06948 0 0.0074257 180 1 0 0.274071 -90 0.0292897 90 0.274071 90
0.629215 1.06914 0 0.00738682 180 1 0 0.273352 -90 0.0292036 90 0.273352 90
0.630667 1.0688 0 0.00734817 180 1 0 0.272635 -90 0.0291178 90 0.272635 90
0.632122 1.06846 0 0.00730975 180 1 0 0.27192 -90 0.0290324 90 0.27192 90
0.63358 1.06813 0 0.00727155 180 1 0 0.271207 -90 0.0289474 90 0.271207 90
0.635043 1.06779 0 0.00723358 180 1 0 0.270497 -90 0.0288626 90 0.270497 90
0.636508 1.06746 0 0.00719582 180 1 0 0.26979 -90 0.0287782 90 0.26979 90
0.637977 1.06713 0 0.00715828 180 1 0 0.269084 -90 0.0286942 90 0.269084 90
0.639449 1.0668 0 0.00712096 180 1 0 0.268381 -90 0.0286104 90 0.268381 90
0.640924 1.06647 0 0.00708386 180 1 0 0.26768 -90 0.028527 90 0.26768 90
0.642403 1.06614 0 0.00704697 180 1 0 0.266981 -90 0.028444 90 0.266981 90
0.643886 1.06582 0 0.00701029 180 1 0 0.266284 -90 0.0283612 90 0.266284 90
0.645372 1.0655 0 0.00697383 180 1 0 0.26559 -90 0.0282788 90 0.26559 90
0.646861 1.06518 0 0.00693758 180 1 0 0.264898 -90 0.0281967 90 0.264898 90
0.648353 1.06486 0 0.00690153 180 1 0 0.264208 -90 0.0281149 90 0.264208 90
0.64985 1.06454 0 0.00686569 180 1 0 0.26352 -90 0.0280335 90 0.26352 90
0.651349 1.06422 0 0.00683006 180 1 0 0.262834 -90 0.0279523 90 0.262834 90
0.652852 1.06391 0 0.00679463 180 1 0 0.262151 -90 0.0278715 90 0.262151 90
0.654359 1.0636 0 0.00675941 180 1 0 0.26147 -90 0.027791 90 0.26147 90
0.655869 1.06328 0 0.00672439 180 1 0 0.260791 -90 0.0277108 90 0.260791 90
0.657382 1.06297 0 0.00668957 180 1 0 0.260114 -90 0.0276309 90 0.260114 90
0.658899 1.06267 0 0.00665495 180 1 0 0.259439 -90 0.0275514 90 0.259439 90
0.660419 1.06236 0 0.00662052 180 1 0 0.258766 -90 0.0274721 90 0.258766 90
0.661943 1.06206 0 0.00658629 180 1 0 0.258096 -90 0.0273931 90 0.258096 90
0.663471 1.06175 0 0.00655226 180 1 0 0.257427 -90 0.0273145 90 0.257427 90
0.665002 1.06145 0 0.00651842 180 1 0 0.256761 -90 0.0272361 90 0.256761 90
0.666536 1.06115 0 0.00648478 180 1 0 0.256096 -90 0.0271581 90 0.256096 90
0.668074 1.06085 0 0.00645132 180 1 0 0.255434 -90 0.0270803 90 0.255434 90
0.669616 1.06055 0 0.00641806 180 1 0 0.254774 -90 0.0270028 90 0.254774 90
0.671161 1.06026 0 0.00638499 180 1 0 0.254116 -90 0.0269257 90 0.254116 90
0.67271 1.05997 0 0.0063521 180 1 0 0.25346 -90 0.0268488 90 0.25346 90
0.674262 1.05967 0 0.0063194 180 1 0 0.252806 -90 0.0267722 90 0.252806 90
0.675818 1.05938 0 0.00628688 180 1 0 0.252154 -90 0.0266959 90 0.252154 90
0.677378 1.05909 0 0.00625455 180 1 0 0.251504 -90 0.0266199 90 0.251504 90
0.678941 1.0588 0 0.0062224 180 1 0 0.250856 -90 0.0265442 90 0.250856 90
0.680507 1.05852 0 0.00619044 180 1 0 0.25021 -90 0.0264688 90 0.25021 90
0.682078 1.05823 0 0.00615865 180 1 0 0.249566 -90 0.0263936 90 0.249566 90
0.683652 1.05795 0 0.00612704 180 1 0 0.248924 -90 0.0263188 90 0.248924 90
0.685229 1.05767 0 0.00609561 180 1 0 0.248284 -90 0.0262442 90 0.248284 90
0.68681 1.05739 0 0.00606436 180 1 0 0.247646 -90 0.0261699 90 0.247646 90
0.688395 1.05711 0 0.00603329 180 1 0 0.24701 -90 0.0260959 90 0.24701 90
0.689984 1.05683 0 0.00600238 180 1 0 0.246376 -90 0.0260221 90 0.246376 90
0.691576 1.05655 0 0.00597166 180 1 0 0.245744 -90 0.0259486 90 0.245744 90
0.693172 1.05628 0 0.0059411 180 1 0 0.245113 -90 0.0258754 90 0.245113 90
0.694771 1.05601 0 0.00591072 180 1 0 0.244485 -90 0.0258025 90 0.244485 90
0.696374 1.05573 0 0.0058805 180 1 0 0.243859 -90 0.0257298 90 0.243859 90
0.697981 1.05546 0 0.00585046 180 1 0 0.243234 -90 0.0256575 90 0.243234 90
0.699592 1.05519 0 0.00582058 180 1 0 0.242612 -90 0.0255853 90 0.242612 90
0.701206 1.05493 0 0.00579087 180 1 0 0.241991 -90 0.0255135 90 0.241991 90
0.702824 1.05466 0 0.00576133 180 1 0 0.241372 -90 0.0254419 90 0.241372 90
0.704446 1.05439 0 0.00573195 180 1 0 0.240755 -90 0.0253705 90 0.240755 90
0.706072 1.05413 0 0.00570273 180 1 0 0.24014 -90 0.0252995 90 0.24014 90
0.707701 1.05387 0 0.00567368 180 1 0 0.239527 -90 0.0252287 90 0.239527 90
0.709334 1.05361 0 0.00564479 180 1 0 0.238916 -90 0.0251581 90 0.238916 90
0.710971 1.05335 0 0.00561605 180 1 0 0.238306 -90 0.0250878 90 0.238306 90
0.712612 1.05309 0 0.00558748 180 1 0 0.237699 -90 0.0250178 90 0.237699 90
0.714256 1.05283 0 0.00555907 180 1 0 0.237093 -90 0.024948 90 0.237093 90
0.715904 1.05257 0 0.00553082 180 1 0 0.236489 -90 0.0248785 90 0.236489 90
0.717556 1.05232 0 0.00550272 180 1 0 0.235887 -90 0.0248092 90 0.235887 90
0.719212 1.05207 0 0.00547477 180 1 0 0.235287 -90 0.0247402 90 0.235287 90
0.720872 1.05181 0 0.00544699 180 1 0 0.234688 -90 0.0246714 90 0.234688 90
0.722535 1.05156 0 0.00541935 180 1 0 0.234091 -90 0.0246029 90 0.234091 90
0.724202 1.05131 0 0.00539187 180 1 0 0.233497 -90 0.0245346 90 0.233497 90
0.725873 1.05107 0 0.00536454 180 1 0 0.232903 -90 0.0244666 90 0.232903 90
0.727548 1.05082 0 0.00533736 180 1 0 0.232312 -90 0.0243988 90 0.232312 90
0.729227 1.05057 0 0.00531033 180 1 0 0.231722 -90 0.0243312 90 0.231722 90
0.73091 1.05033 0 0.00528345 180 1 0 0.231135 -90 0.0242639 90 0.231135 90
0.732597 1.05009 0 0.00525671 180 1 0 0.230549 -90 0.0241969 90 0.230549 90
0.734287 1.04984 0 0.00523013 180 1 0 0.229964 -90 0.02413 90 0.229964 90
0.735981 1.0496 0 0.00520369 180 1 0 0.229382 -90 0.0240634 90 0.229382 90
0.73768 1.04936 0 0.00517739 180 1 0 0.228801 -90 0.0239971 90 0.228801 90
0.739382 1.04913 0 0.00515124 180 1 0 0.228222 -90 0.023931 90 0.228222 90
0.741088 1.04889 0 0.00512523 180 1 0 0.227644 -90 0.0238651 90 0.227644 90
0.742798 1.04865 0 0.00509937 180 1 0 0.227068 -90 0.0237995 90 0.227068 90
0.744512 1.04842 0 0.00507364 180 1 0 0.226494 -90 0.023734 90 0.226494 90
0.74623 1.04818 0 0.00504806 180 1 0 0.225922 -90 0.0236689 90 0.225922 90
0.747952 1.04795 0 0.00502262 180 1 0 0.225352 -90 0.0236039 90 0.225352 90
0.749678 1.04772 0 0.00499731 180 1 0 0.224783 -90 0.0235392 90 0.224783 90
0.751408 1.04749 0 0.00497215 180 1 0 0.224215 -90 0.0234747 90 0.224215 90
0.753142 1.04726 0 0.00494712 180 1 0 0.22365 -90 0.0234104 90 0.22365 90
0.75488 1.04703 0 0.00492223 180 1 0 0.223086 -90 0.0233464 90 0.223086 90
0.756622 1.04681 0 0.00489747 180 1 0 0.222524 -90 0.0232825 90 0.222524 90
0.758368 1.04658 0 0.00487285 180 1 0 0.221963 -90 0.0232189 90 0.221963 90
0.760118 1.04636 0 0.00484836 180 1 0 0.221404 -90 0.0231556 90 0.221404 90
0.761872 1.04613 0 0.004824 180 1 0 0.220847 -90 0.0230924 90 0.220847 90
0.76363 1.04591 0 0.00479978 180 1 0 0.220291 -90 0.0230295 90 0.220291 90
0.765392 1.04569 0 0.00477569 180 1 0 0.219737 -90 0.0229667 90 0.219737 90
0.767158 1.04547 0 0.00475172 180 1 0 0.219185 -90 0.0229042 90 0.219185 90
0.768928 1.04525 0 0.00472789 180 1 0 0.218634 -90 0.022842 90 0.218634 90
0.770703 1.04504 0 0.00470419 180 1 0 0.218084 -90 0.0227799 90 0.218084 90
0.772481 1.04482 0 0.00468062 180 1 0 0.217537 -90 0.022718 90 0.217537 90
0.774264 1.0446 0 0.00465717 180 1 0 0.216991 -90 0.0226564 90 0.216991 90
0.77605 1.04439 0 0.00463385 180 1 0 0.216446 -90 0.022595 90 0.216446 90
0.777841 1.04418 0 0.00461065 180 1 0 0.215903 -90 0.0225337 90 0.215903 90
0.779636 1.04396 0 0.00458758 180 1 0 0.215362 -90 0.0224727 90 0.215362 90
0.781435 1.04375 0 0.00456464 180 1 0 0.214822 -90 0.0224119 90 0.214822 90
0.783238 1.04354 0 0.00454182 180 1 0 0.214284 -90 0.0223513 90 0.214284 90
0.785046 1.04333 0 0.00451912 180 1 0 0.213748 -90 0.0222909 90 0.213748 90
0.786857 1.04313 0 0.00449654 180 1 0 0.213213 -90 0.0222308 90 0.213213 90
0.788673 1.04292 0 0.00447409 180 1 0 0.212679 -90 0.0221708 90 0.212679 90
0.790493 1.04271 0 0.00445175 180 1 0 0.212147 -90 0.022111 90 0.212147 90
0.792317 1.04251 0 0.00442954 180 1 0 0.211617 -90 0.0220514 90 0.211617 90
0.794145 1.0423 0 0.00440744 180 1 0 0.211088 -90 0.0219921 90 0.211088 90
0.795978 1.0421 0 0.00438546 180 1 0 0.21056 -90 0.0219329 90 0.21056 90
0.797814 1.0419 0 0.0043636 180 1 0 0.210035 -90 0.0218739 90 0.210035 90
0.799655 1.0417 0 0.00434186 180 1 0 0.20951 -90 0.0218152 90 0.20951 90
0.801501 1.0415 0 0.00432024 180 1 0 0.208987 -90 0.0217566 90 0.208987 90
0.80335 1.0413 0 0.00429872 180 1 0 0.208466 -90 0.0216982 90 0.208466 90
0.805204 1.0411 0 0.00427733 180 1 0 0.207946 -90 0.0216401 90 0.207946 90
0.807062 1.04091 0 0.00425605 180 1 0 0.207428 -90 0.0215821 90 0.207428 90
0.808924 1.04071 0 0.00423488 180 1 0 0.206911 -90 0.0215243 90 0.206911 90
0.810791 1.04051 0 0.00421382 180 1 0 0.206395 -90 0.0214667 90 0.206395 90
0.812662 1.04032 0 0.00419288 180 1 0 0.205881 -90 0.0214093 90 0.205881 90
0.814537 1.04013 0 0.00417205 180 1 0 0.205369 -90 0.0213521 90 0.205369 90
0.816417 1.03994 0 0.00415133 180 1 0 0.204858 -90 0.0212951 90 0.204858 90
0.818301 1.03974 0 0.00413072 180 1 0 0.204348 -90 0.0212382 90 0.204348 90
0.820189 1.03955 0 0.00411022 180 1 0 0.20384 -90 0.0211816 90 0.20384 90
0.822082 1.03937 0 0.00408983 180 1 0 0.203334 -90 0.0211251 90 0.203334 90
0.823979 1.03918 0 0.00406954 180 1 0 0.202828 -90 0.0210689 90 0.202828 90
0.82588 1.03899 0 0.00404937 180 1 0 0.202325 -90 0.0210128 90 0.202325 90
0.827786 1.0388 0 0.0040293 180 1 0 0.201822 -90 0.0209569 90 0.201822 90
0.829696 1.03862 0 0.00400934 180 1 0 0.201321 -90 0.0209012 90 0.201321 90
0.83161 1.03843 0 0.00398948 180 1 0 0.200822 -90 0.0208457 90 0.200822 90
0.833529 1.03825 0 0.00396973 180 1 0 0.200324 -90 0.0207903 90 0.200324 90
0.835453 1.03807 0 0.00395008 180 1 0 0.199827 -90 0.0207352 90 0.199827 90
0.837381 1.03789 0 0.00393054 180 1 0 0.199331 -90 0.0206802 90 0.199331 90
0.839313 1.0377 0 0.0039111 180 1 0 0.198838 -90 0.0206254 90 0.198838 90
0.84125 1.03752 0 0.00389176 180 1 0 0.198345 -90 0.0205708 90 0.198345 90
0.843191 1.03735 0 0.00387252 180 1 0 0.197854 -90 0.0205163 90 0.197854 90
0.845137 1.03717 0 0.00385339 180 1 0 0.197364 -90 0.0204621 90 0.197364 90
0.847087 1.03699 0 0.00383436 180 1 0 0.196876 -90 0.020408 90 0.196876 90
0.849042 1.03681 0 0.00381542 180 1 0 0.196389 -90 0.0203541 90 0.196389 90
0.851001 1.03664 0 0.00379659 180 1 0 0.195903 -90 0.0203003 90 0.195903 90
0.852964 1.03646 0 0.00377785 180 1 0 0.195419 -90 0.0202468 90 0.195419 90
0.854933 1.03629 0 0.00375922 180 1 0 0.194936 -90 0.0201934 90 0.194936 90
0.856906 1.03612 0 0.00374068 180 1 0 0.194454 -90 0.0201402 90 0.194454 90
0.858883 1.03594 0 0.00372224 180 1 0 0.193974 -90 0.0200871 90 0.193974 90
0.860865 1.03577 0 0.0037039 180 1 0 0.193495 -90 0.0200343 90 0.193495 90
0.862851 1.0356 0 0.00368565 180 1 0 0.193017 -90 0.0199816 90 0.193017 90
0.864842 1.03543 0 0.0036675 180 1 0 0.192541 -90 0.019929 90 0.192541 90
0.866838 1.03526 0 0.00364944 180 1 0 0.192066 -90 0.0198767 90 0.192066 90
0.868838 1.0351 0 0.00363148 180 1 0 0.191593 -90 0.0198245 90 0.191593 90
0.870843 1.03493 0 0.00361361 180 1 0 0.19112 -90 0.0197725 90 0.19112 90
0.872853 1.03476 0 0.00359583 180 1 0 0.19065 -90 0.0197206 90 0.19065 90
0.874867 1.0346 0 0.00357815 180 1 0 0.19018 -90 0.0196689 90 0.19018 90
0.876886 1.03443 0 0.00356056 180 1 0 0.189712 -90 0.0196174 90 0.189712 90
0.878909 1.03427 0 0.00354306 180 1 0 0.189244 -90 0.019566 90 0.189244 90
0.880937 1.03411 0 0.00352566 180 1 0 0.188779 -90 0.0195148 90 0.188779 90
0.88297 1.03394 0 0.00350834 180 1 0 0.188314 -90 0.0194638 90 0.188314 90
0.885007 1.03378 0 0.00349112 180 1 0 0.187851 -90 0.0194129 90 0.187851 90
0.88705 1.03362 0 0.00347398 180 1 0 0.187389 -90 0.0193622 90 0.187389 90
0.889097 1.03346 0 0.00345693 180 1 0 0.186929 -90 0.0193117 90 0.186929 90
0.891148 1.0333 0 0.00343998 180 1 0 0.186469 -90 0.0192613 90 0.186469 90
0.893205 1.03314 0 0.00342311 180 1 0 0.186011 -90 0.0192111 90 0.186011 90
0.895266 1.03299 0 0.00340632 180 1 0 0.185554 -90 0.019161 90 0.185554 90
0.897332 1.03283 0 0.00338963 180 1 0 0.185099 -90 0.0191111 90 0.185099 90
0.899402 1.03267 0 0.00337302 180 1 0 0.184644 -90 0.0190613 90 0.184644 90
0.901478 1.03252 0 0.0033565 180 1 0 0.184191 -90 0.0190117 90 0.184191 90
0.903558 1.03236 0 0.00334006 180 1 0 0.183739 -90 0.0189623 90 0.183739 90
0.905643 1.03221 0 0.00332371 180 1 0 0.183289 -90 0.018913 90 0.183289 90
0.907733 1.03206 0 0.00330745 180 1 0 0.18284 -90 0.0188639 90 0.18284 90
0.909827 1.03191 0 0.00329126 180 1 0 0.182391 -90 0.0188149 90 0.182391 90
0.911927 1.03175 0 0.00327516 180 1 0 0.181945 -90 0.0187661 90 0.181945 90
0.914031 1.0316 0 0.00325915 180 1 0 0.181499 -90 0.0187174 90 0.181499 90
0.91614 1.03145 0 0.00324322 180 1 0 0.181054 -90 0.0186689 90 0.181054 90
0.918254 1.0313 0 0.00322737 180 1 0 0.180611 -90 0.0186205 90 0.180611 90
0.920373 1.03116 0 0.0032116 180 1 0 0.180169 -90 0.0185723 90 0.180169 90
0.922497 1.03101 0 0.00319591 180 1 0 0.179728 -90 0.0185242 90 0.179728 90
0.924626 1.03086 0 0.00318031 180 1 0 0.179289 -90 0.0184763 90 0.179289 90
0.926759 1.03071 0 0.00316478 180 1 0 0.17885 -90 0.0184285 90 0.17885 90
0.928898 1.03057 0 0.00314934 180 1 0 0.178413 -90 0.0183809 90 0.178413 90
0.931041 1.03042 0 0.00313397 180 1 0 0.177977 -90 0.0183334 90 0.177977 90
0.93319 1.03028 0 0.00311868 180 1 0 0.177542 -90 0.0182861 90 0.177542 90
0.935343 1.03014 0 0.00310348 180 1 0 0.177109 -90 0.0182389 90 0.177109 90
0.937502 1.02999 0 0.00308835 180 1 0 0.176676 -90 0.0181919 90 0.176676 90
0.939665 1.02985 0 0.0030733 180 1 0 0.176245 -90 0.018145 90 0.176245 90
0.941833 1.02971 0 0.00305832 180 1 0 0.175815 -90 0.0180983 90 0.175815 90
0.944006 1.02957 0 0.00304342 180 1 0 0.175386 -90 0.0180517 90 0.175386 90
0.946185 1.02943 0 0.0030286 180 1 0 0.174958 -90 0.0180052 90 0.174958 90
0.948368 1.02929 0 0.00301386 180 1 0 0.174531 -90 0.0179589 90 0.174531 90
0.950557 1.02915 0 0.00299919 180 1 0 0.174106 -90 0.0179127 90 0.174106 90
0.95275 1.02901 0 0.00298459 180 1 0 0.173681 -90 0.0178667 90 0.173681 90
0.954949 1.02888 0 0.00297007 180 1 0 0.173258 -90 0.0178208 90 0.173258 90
0.957152 1.02874 0 0.00295563 180 1 0 0.172836 -90 0.0177751 90 0.172836 90
0.959361 1.0286 0 0.00294126 180 1 0 0.172415 -90 0.0177294 90 0.172415 90
0.961575 1.02847 0 0.00292696 180 1 0 0.171995 -90 0.017684 90 0.171995 90
0.963793 1.02833 0 0.00291274 180 1 0 0.171576 -90 0.0176386 90 0.171576 90
0.966017 1.0282 0 0.00289859 180 1 0 0.171159 -90 0.0175934 90 0.171159 90
0.968247 1.02807 0 0.00288451 180 1 0 0.170743 -90 0.0175484 90 0.170743 90
0.970481 1.02793 0 0.0028705 180 1 0 0.170327 -90 0.0175035 90 0.170327 90
0.97272 1.0278 0 0.00285656 180 1 0 0.169913 -90 0.0174587 90 0.169913 90
0.974965 1.02767 0 0.0028427 180 1 0 0.1695 -90 0.017414 90 0.1695 90
0.977215 1.02754 0 0.0028289 180 1 0 0.169088 -90 0.0173695 90 0.169088 90
0.97947 1.02741 0 0.00281518 180 1 0 0.168677 -90 0.0173251 90 0.168677 90
0.98173 1.02728 0 0.00280153 180 1 0 0.168267 -90 0.0172809 90 0.168267 90
0.983995 1.02715 0 0.00278794 180 1 0 0.167859 -90 0.0172368 90 0.167859 90
0.986266 1.02702 0 0.00277443 180 1 0 0.167451 -90 0.0171928 90 0.167451 90
0.988542 1.02689 0 0.00276098 180 1 0 0.167045 -90 0.017149 90 0.167045 90
0.990823 1.02677 0 0.0027476 180 1 0 0.166639 -90 0.0171053 90 0.166639 90
0.993109 1.02664 0 0.00273429 180 1 0 0.166235 -90 0.0170617 90 0.166235 90
0.995401 1.02651 0 0.00272105 180 1 0 0.165832 -90 0.0170182 90 0.165832 90
0.997698 1.02639 0 0.00270787 180 1 0 0.165429 -90 0.0169749 90 0.165429 90
