f 1m 1f 2m 2f jV0200m jV0200f 
0.1 0.00999968 1.5698 10 -0 0.00999968 -1.5718 
0.102329 0.0102326 1.56977 10 -0 0.0102326 -1.57182 
0.104713 0.010471 1.56975 10 -0 0.010471 -1.57184 
0.107152 0.0107149 1.56972 10 -0 0.0107149 -1.57187 
0.109648 0.0109644 1.5697 10 -0 0.0109644 -1.57189 
0.112202 0.0112198 1.56967 10 -0 0.0112198 -1.57192 
0.114815 0.0114812 1.56965 10 -0 0.0114812 -1.57194 
0.11749 0.0117486 1.56962 10 -0 0.0117486 -1.57197 
0.120226 0.0120223 1.56959 10 -0 0.0120223 -1.572 
0.123027 0.0123023 1.56957 10 -0 0.0123023 -1.57203 
0.125893 0.0125889 1.56954 10 -0 0.0125889 -1.57206 
0.128825 0.0128821 1.56951 10 -0 0.0128821 -1.57208 
0.131826 0.0131821 1.56948 10 -0 0.0131821 -1.57211 
0.134896 0.0134892 1.56945 10 -0 0.0134892 -1.57215 
0.138038 0.0138034 1.56942 10 -0 0.0138034 -1.57218 
0.141254 0.0141249 1.56938 10 -0 0.0141249 -1.57221 
0.144544 0.0144539 1.56935 10 -0 0.0144539 -1.57224 
0.147911 0.0147906 1.56932 10 -0 0.0147906 -1.57228 
0.151356 0.0151351 1.56928 10 -0 0.0151351 -1.57231 
0.154882 0.0154877 1.56925 10 -0 0.0154877 -1.57235 
0.158489 0.0158484 1.56921 10 -0 0.0158484 -1.57238 
0.162181 0.0162176 1.56917 10 -0 0.0162176 -1.57242 
0.165959 0.0165953 1.56914 10 -0 0.0165953 -1.57246 
0.169824 0.0169819 1.5691 10 -0 0.0169819 -1.57249 
0.17378 0.0173774 1.56906 10 -0 0.0173774 -1.57253 
0.177828 0.0177822 1.56902 10 -0 0.0177822 -1.57257 
0.18197 0.0181964 1.56898 10 -0 0.0181964 -1.57262 
0.186209 0.0186203 1.56893 10 -0 0.0186203 -1.57266 
0.190546 0.019054 1.56889 10 -0 0.019054 -1.5727 
0.194984 0.0194978 1.56885 10 -0 0.0194978 -1.57275 
0.199526 0.019952 1.5688 10 -0 0.019952 -1.57279 
0.204174 0.0204167 1.56875 10 -0 0.0204167 -1.57284 
0.20893 0.0208923 1.56871 10 -0 0.0208923 -1.57289 
0.213796 0.0213789 1.56866 10 -0 0.0213789 -1.57293 
0.218776 0.0218769 1.56861 10 -0 0.0218769 -1.57298 
0.223872 0.0223865 1.56856 10 -0 0.0223865 -1.57303 
0.229087 0.0229079 1.56851 10 -0 0.0229079 -1.57309 
0.234423 0.0234415 1.56845 10 -0 0.0234415 -1.57314 
0.239883 0.0239875 1.5684 10 -0 0.0239875 -1.5732 
0.245471 0.0245463 1.56834 10 -0 0.0245463 -1.57325 
0.251189 0.025118 1.56828 10 -0 0.025118 -1.57331 
0.25704 0.0257031 1.56823 10 -0 0.0257031 -1.57337 
0.263027 0.0263018 1.56817 10 -0 0.0263018 -1.57343 
0.269153 0.0269144 1.5681 10 -0 0.0269144 -1.57349 
0.275423 0.0275413 1.56804 10 -0 0.0275413 -1.57355 
0.281838 0.0281828 1.56798 10 -0 0.0281828 -1.57361 
0.288403 0.0288393 1.56791 10 -0 0.0288393 -1.57368 
0.295121 0.029511 1.56785 10 -0 0.029511 -1.57375 
0.301995 0.0301984 1.56778 10 -0 0.0301984 -1.57382 
0.30903 0.0309018 1.56771 10 -0 0.0309018 -1.57389 
0.316228 0.0316216 1.56763 10 -0 0.0316216 -1.57396 
0.323594 0.0323582 1.56756 10 -0 0.0323582 -1.57403 
0.331131 0.0331119 1.56749 10 -0 0.0331119 -1.57411 
0.338844 0.0338832 1.56741 10 -0 0.0338832 -1.57418 
0.346737 0.0346724 1.56733 10 -0 0.0346724 -1.57426 
0.354813 0.03548 1.56725 10 -0 0.03548 -1.57434 
0.363078 0.0363064 1.56717 10 -0 0.0363064 -1.57443 
0.371535 0.0371521 1.56708 10 -0 0.0371521 -1.57451 
0.380189 0.0380175 1.56699 10 -0 0.0380175 -1.5746 
0.389045 0.038903 1.56691 10 -0 0.038903 -1.57469 
0.398107 0.0398092 1.56682 10 -0 0.0398092 -1.57478 
0.40738 0.0407364 1.56672 10 -0 0.0407364 -1.57487 
0.416869 0.0416853 1.56663 10 -0 0.0416853 -1.57496 
0.42658 0.0426562 1.56653 10 -0 0.0426562 -1.57506 
0.436516 0.0436498 1.56643 10 -0 0.0436498 -1.57516 
0.446684 0.0446665 1.56633 10 -0 0.0446665 -1.57526 
0.457088 0.0457069 1.56623 10 -0 0.0457069 -1.57537 
0.467735 0.0467715 1.56612 10 -0 0.0467715 -1.57547 
0.47863 0.047861 1.56601 10 -0 0.047861 -1.57558 
0.489779 0.0489758 1.5659 10 -0 0.0489758 -1.57569 
0.501187 0.0501165 1.56578 10 -0 0.0501165 -1.57581 
0.512861 0.0512839 1.56567 10 -0 0.0512839 -1.57592 
0.524807 0.0524784 1.56555 10 -0 0.0524784 -1.57604 
0.537032 0.0537007 1.56543 10 -0 0.0537007 -1.57617 
0.549541 0.0549516 1.5653 10 -0 0.0549516 -1.57629 
0.562341 0.0562315 1.56517 10 -0 0.0562315 -1.57642 
0.57544 0.0575413 1.56504 10 -0 0.0575413 -1.57655 
0.588844 0.0588815 1.56491 10 -0 0.0588815 -1.57668 
0.60256 0.060253 1.56477 10 -0 0.060253 -1.57682 
0.616595 0.0616564 1.56463 10 -0 0.0616564 -1.57696 
0.630957 0.0630925 1.56449 10 -0 0.0630925 -1.57711 
0.645654 0.0645621 1.56434 10 -0 0.0645621 -1.57725 
0.660693 0.0660659 1.56419 10 -0 0.0660659 -1.5774 
0.676083 0.0676047 1.56404 10 -0 0.0676047 -1.57756 
0.691831 0.0691793 1.56388 10 -0 0.0691793 -1.57771 
0.707946 0.0707906 1.56372 10 -0 0.0707906 -1.57788 
0.724436 0.0724394 1.56355 10 -0 0.0724394 -1.57804 
0.74131 0.0741267 1.56338 10 -0 0.0741267 -1.57821 
0.758578 0.0758532 1.56321 10 -0 0.0758532 -1.57838 
0.776247 0.07762 1.56303 10 -0 0.07762 -1.57856 
0.794328 0.0794279 1.56285 10 -0 0.0794279 -1.57874 
0.812831 0.0812778 1.56267 10 -0 0.0812778 -1.57892 
0.831764 0.0831709 1.56248 10 -0 0.0831709 -1.57911 
0.851138 0.0851081 1.56229 10 -0 0.0851081 -1.57931 
0.870964 0.0870904 1.56209 10 -0 0.0870904 -1.57951 
0.891251 0.0891188 1.56188 10 -0 0.0891188 -1.57971 
0.912011 0.0911945 1.56168 10 -0 0.0911945 -1.57992 
0.933254 0.0933185 1.56146 10 -0 0.0933185 -1.58013 
0.954993 0.0954919 1.56125 10 -0 0.0954919 -1.58035 
0.977237 0.097716 1.56102 10 -0 0.097716 -1.58057 
1 0.0999919 1.5608 10 -0 0.0999919 -1.5808 
1.02329 0.102321 1.56056 10 -0 0.102321 -1.58103 
1.04713 0.104704 1.56033 10 -0 0.104704 -1.58127 
1.07152 0.107142 1.56008 10 -0 0.107142 -1.58151 
1.09648 0.109638 1.55983 10 -0 0.109638 -1.58176 
1.12202 0.112191 1.55958 10 -0 0.112191 -1.58202 
1.14815 0.114804 1.55932 10 -0 0.114804 -1.58228 
1.1749 0.117478 1.55905 10 -0 0.117478 -1.58254 
1.20226 0.120214 1.55877 10 -0 0.120214 -1.58282 
1.23027 0.123014 1.55849 10 -0 0.123014 -1.5831 
1.25893 0.125879 1.55821 10 -0 0.125879 -1.58338 
1.28825 0.12881 1.55791 10 -0 0.12881 -1.58368 
1.31826 0.13181 1.55761 10 -0 0.13181 -1.58398 
1.34896 0.13488 1.55731 10 -0 0.13488 -1.58428 
1.38038 0.138021 1.55699 10 -0 0.138021 -1.5846 
1.41254 0.141235 1.55667 10 -0 0.141235 -1.58492 
1.44544 0.144524 1.55634 10 -0 0.144524 -1.58525 
1.47911 0.14789 1.55601 10 -0 0.14789 -1.58559 
1.51356 0.151334 1.55566 10 -0 0.151334 -1.58593 
1.54882 0.154858 1.55531 10 -0 0.154858 -1.58628 
1.58489 0.158464 1.55495 10 -0 0.158464 -1.58664 
1.62181 0.162155 1.55458 10 -0 0.162155 -1.58701 
1.65959 0.165931 1.5542 10 -0 0.165931 -1.58739 
1.69824 0.169795 1.55382 10 -0 0.169795 -1.58778 
1.7378 0.173748 1.55342 10 -0 0.173748 -1.58817 
1.77828 0.177794 1.55302 10 -0 0.177794 -1.58858 
1.8197 0.181934 1.5526 10 -0 0.181934 -1.58899 
1.86209 0.186171 1.55218 10 -0 0.186171 -1.58941 
1.90546 0.190506 1.55174 10 -0 0.190506 -1.58985 
1.94984 0.194941 1.5513 10 -0 0.194941 -1.59029 
1.99526 0.19948 1.55085 10 -0 0.19948 -1.59075 
2.04174 0.204125 1.55038 10 -0 0.204125 -1.59121 
2.0893 0.208878 1.54991 10 -0 0.208878 -1.59169 
2.13796 0.213741 1.54942 10 -0 0.213741 -1.59217 
2.18776 0.218717 1.54892 10 -0 0.218717 -1.59267 
2.23872 0.223809 1.54841 10 -0 0.223809 -1.59318 
2.29087 0.22902 1.54789 10 -0 0.22902 -1.5937 
2.34423 0.234351 1.54736 10 -0 0.234351 -1.59423 
2.39883 0.239807 1.54681 10 -0 0.239807 -1.59478 
2.45471 0.245389 1.54625 10 -0 0.245389 -1.59534 
2.51189 0.251102 1.54568 10 -0 0.251102 -1.59591 
2.5704 0.256947 1.5451 10 -0 0.256947 -1.59649 
2.63027 0.262928 1.5445 10 -0 0.262928 -1.59709 
2.69153 0.269048 1.54389 10 -0 0.269048 -1.5977 
2.75423 0.27531 1.54326 10 -0 0.27531 -1.59833 
2.81838 0.281718 1.54262 10 -0 0.281718 -1.59897 
2.88403 0.288274 1.54196 10 -0 0.288274 -1.59963 
2.95121 0.294983 1.54129 10 -0 0.294983 -1.6003 
3.01995 0.301848 1.54061 10 -0 0.301848 -1.60099 
3.0903 0.308873 1.5399 10 -0 0.308873 -1.60169 
3.16228 0.31606 1.53919 10 -0 0.31606 -1.60241 
3.23594 0.323414 1.53845 10 -0 0.323414 -1.60314 
3.31131 0.330939 1.5377 10 -0 0.330939 -1.6039 
3.38844 0.338639 1.53693 10 -0 0.338639 -1.60467 
3.46737 0.346518 1.53614 10 -0 0.346518 -1.60546 
3.54813 0.354579 1.53533 10 -0 0.354579 -1.60626 
3.63078 0.362828 1.53451 10 -0 0.362828 -1.60709 
3.71535 0.371268 1.53366 10 -0 0.371268 -1.60793 
3.80189 0.379903 1.5328 10 -0 0.379903 -1.6088 
3.89045 0.388739 1.53191 10 -0 0.388739 -1.60968 
3.98107 0.39778 1.53101 10 -0 0.39778 -1.61058 
4.0738 0.40703 1.53008 10 -0 0.40703 -1.61151 
4.16869 0.416495 1.52913 10 -0 0.416495 -1.61246 
4.2658 0.426179 1.52817 10 -0 0.426179 -1.61343 
4.36516 0.436087 1.52717 10 -0 0.436087 -1.61442 
4.46684 0.446225 1.52616 10 -0 0.446225 -1.61543 
4.57088 0.456597 1.52512 10 -0 0.456597 -1.61647 
4.67735 0.46721 1.52406 10 -0 0.46721 -1.61753 
4.7863 0.478068 1.52297 10 -0 0.478068 -1.61862 
4.89779 0.489177 1.52186 10 -0 0.489177 -1.61973 
5.01187 0.500543 1.52072 10 -0 0.500543 -1.62087 
5.12861 0.512172 1.51956 10 -0 0.512172 -1.62204 
5.24807 0.52407 1.51837 10 -0 0.52407 -1.62323 
5.37032 0.536242 1.51715 10 -0 0.536242 -1.62445 
5.49541 0.548696 1.5159 10 -0 0.548696 -1.62569 
5.62341 0.561437 1.51462 10 -0 0.561437 -1.62697 
5.7544 0.574472 1.51332 10 -0 0.574472 -1.62828 
5.88844 0.587807 1.51198 10 -0 0.587807 -1.62961 
6.0256 0.60145 1.51061 10 -0 0.60145 -1.63098 
6.16595 0.615407 1.50922 10 -0 0.615407 -1.63238 
6.30957 0.629686 1.50779 10 -0 0.629686 -1.63381 
6.45654 0.644293 1.50632 10 -0 0.644293 -1.63527 
6.60693 0.659236 1.50482 10 -0 0.659236 -1.63677 
6.76083 0.674522 1.50329 10 -0 0.674522 -1.6383 
6.91831 0.69016 1.50173 10 -0 0.69016 -1.63987 
7.07946 0.706157 1.50012 10 -0 0.706157 -1.64147 
7.24436 0.72252 1.49848 10 -0 0.72252 -1.64311 
7.4131 0.739259 1.4968 10 -0 0.739259 -1.64479 
7.58578 0.756381 1.49509 10 -0 0.756381 -1.64651 
7.76247 0.773895 1.49333 10 -0 0.773895 -1.64826 
7.94328 0.79181 1.49153 10 -0 0.79181 -1.65006 
8.12831 0.810134 1.48969 10 -0 0.810134 -1.6519 
8.31764 0.828876 1.48781 10 -0 0.828876 -1.65378 
8.51138 0.848046 1.48589 10 -0 0.848046 -1.6557 
8.70964 0.867652 1.48392 10 -0 0.867652 -1.65767 
8.91251 0.887705 1.48191 10 -0 0.887705 -1.65968 
9.12011 0.908213 1.47985 10 -0 0.908213 -1.66174 
9.33254 0.929188 1.47774 10 -0 0.929188 -1.66385 
9.54993 0.950638 1.47559 10 -0 0.950638 -1.666 
9.77237 0.972574 1.47338 10 -0 0.972574 -1.66821 
10 0.995007 1.47113 10 -0 0.995007 -1.67046 
10.2329 1.01795 1.46883 10 -0 1.01795 -1.67277 
10.4713 1.0414 1.46647 10 -0 1.0414 -1.67513 
10.7152 1.06539 1.46405 10 -0 1.06539 -1.67754 
10.9648 1.08991 1.46159 10 -0 1.08991 -1.68 
11.2202 1.11499 1.45907 10 -0 1.11499 -1.68253 
11.4815 1.14062 1.45649 10 -0 1.14062 -1.68511 
11.749 1.16684 1.45385 10 -0 1.16684 -1.68775 
12.0226 1.19363 1.45115 10 -0 1.19363 -1.69044 
12.3027 1.22103 1.44839 10 -0 1.22103 -1.6932 
12.5893 1.24903 1.44557 10 -0 1.24903 -1.69603 
12.8825 1.27765 1.44268 10 -0 1.27765 -1.69891 
13.1826 1.30691 1.43973 10 -0 1.30691 -1.70186 
13.4896 1.33681 1.43671 10 -0 1.33681 -1.70488 
13.8038 1.36738 1.43363 10 -0 1.36738 -1.70796 
14.1254 1.39861 1.43048 10 -0 1.39861 -1.71112 
14.4544 1.43053 1.42725 10 -0 1.43053 -1.71434 
14.7911 1.46314 1.42395 10 -0 1.46314 -1.71764 
15.1356 1.49647 1.42058 10 -0 1.49647 -1.72101 
15.4882 1.53052 1.41714 10 -0 1.53052 -1.72445 
15.8489 1.56531 1.41362 10 -0 1.56531 -1.72797 
16.2181 1.60084 1.41002 10 -0 1.60084 -1.73157 
16.5959 1.63714 1.40634 10 -0 1.63714 -1.73525 
16.9824 1.67422 1.40258 10 -0 1.67422 -1.73901 
17.378 1.71209 1.39874 10 -0 1.71209 -1.74285 
17.7828 1.75076 1.39481 10 -0 1.75076 -1.74678 
18.197 1.79025 1.3908 10 -0 1.79025 -1.75079 
18.6209 1.83057 1.3867 10 -0 1.83057 -1.75489 
19.0546 1.87173 1.38251 10 -0 1.87173 -1.75908 
19.4984 1.91375 1.37823 10 -0 1.91375 -1.76336 
19.9526 1.95664 1.37386 10 -0 1.95664 -1.76773 
20.4174 2.00041 1.3694 10 -0 2.00041 -1.7722 
20.893 2.04508 1.36484 10 -0 2.04508 -1.77676 
21.3796 2.09065 1.36018 10 -0 2.09065 -1.78142 
21.8776 2.13715 1.35542 10 -0 2.13715 -1.78617 
22.3872 2.18458 1.35056 10 -0 2.18458 -1.79103 
22.9087 2.23296 1.3456 10 -0 2.23296 -1.79599 
23.4423 2.28229 1.34054 10 -0 2.28229 -1.80105 
23.9883 2.33259 1.33537 10 -0 2.33259 -1.80622 
24.5471 2.38387 1.33009 10 -0 2.38387 -1.8115 
25.1189 2.43613 1.32471 10 -0 2.43613 -1.81689 
25.704 2.4894 1.31921 10 -0 2.4894 -1.82238 
26.3027 2.54367 1.3136 10 -0 2.54367 -1.82799 
26.9153 2.59896 1.30788 10 -0 2.59896 -1.83371 
27.5423 2.65528 1.30204 10 -0 2.65528 -1.83955 
28.1838 2.71262 1.29609 10 -0 2.71262 -1.8455 
28.8403 2.77101 1.29002 10 -0 2.77101 -1.85157 
29.5121 2.83044 1.28383 10 -0 2.83044 -1.85776 
30.1995 2.89091 1.27752 10 -0 2.89091 -1.86407 
30.903 2.95244 1.27109 10 -0 2.95244 -1.87051 
31.6228 3.01503 1.26453 10 -0 3.01503 -1.87706 
32.3594 3.07867 1.25785 10 -0 3.07867 -1.88375 
33.1131 3.14337 1.25104 10 -0 3.14337 -1.89055 
33.8844 3.20912 1.2441 10 -0 3.20912 -1.89749 
34.6737 3.27593 1.23704 10 -0 3.27593 -1.90455 
35.4813 3.34379 1.22985 10 -0 3.34379 -1.91174 
36.3078 3.4127 1.22253 10 -0 3.4127 -1.91906 
37.1535 3.48265 1.21508 10 -0 3.48265 -1.92652 
38.0189 3.55363 1.20749 10 -0 3.55363 -1.9341 
38.9045 3.62563 1.19978 10 -0 3.62563 -1.94181 
39.8107 3.69864 1.19193 10 -0 3.69864 -1.94966 
40.738 3.77265 1.18395 10 -0 3.77265 -1.95764 
41.6869 3.84765 1.17584 10 -0 3.84765 -1.96575 
42.658 3.92361 1.1676 10 -0 3.92361 -1.97399 
43.6516 4.00051 1.15922 10 -0 4.00051 -1.98237 
44.6684 4.07834 1.15072 10 -0 4.07834 -1.99088 
45.7088 4.15708 1.14208 10 -0 4.15708 -1.99952 
46.7735 4.23669 1.1333 10 -0 4.23669 -2.00829 
47.863 4.31716 1.1244 10 -0 4.31716 -2.01719 
48.9779 4.39844 1.11537 10 -0 4.39844 -2.02622 
50.1187 4.48051 1.10621 10 -0 4.48051 -2.03538 
51.2861 4.56334 1.09693 10 -0 4.56334 -2.04467 
52.4807 4.64689 1.08751 10 -0 4.64689 -2.05408 
53.7032 4.73112 1.07798 10 -0 4.73112 -2.06362 
54.9541 4.81598 1.06832 10 -0 4.81598 -2.07327 
56.2341 4.90145 1.05854 10 -0 4.90145 -2.08305 
57.544 4.98746 1.04864 10 -0 4.98746 -2.09295 
58.8844 5.07398 1.03863 10 -0 5.07398 -2.10296 
60.256 5.16095 1.02851 10 -0 5.16095 -2.11308 
61.6595 5.24833 1.01828 10 -0 5.24833 -2.12331 
63.0957 5.33605 1.00794 10 -0 5.33605 -2.13365 
64.5654 5.42407 0.997496 10 -0 5.42407 -2.1441 
66.0693 5.51233 0.986955 10 -0 5.51233 -2.15464 
67.6083 5.60077 0.976317 10 -0 5.60077 -2.16528 
69.1831 5.68933 0.965589 10 -0 5.68933 -2.176 
70.7946 5.77795 0.954772 10 -0 5.77795 -2.18682 
72.4436 5.86656 0.943873 10 -0 5.86656 -2.19772 
74.131 5.95511 0.932895 10 -0 5.95511 -2.2087 
75.8578 6.04353 0.921843 10 -0 6.04353 -2.21975 
77.6247 6.13175 0.910723 10 -0 6.13175 -2.23087 
79.4328 6.21971 0.899538 10 -0 6.21971 -2.24205 
81.2831 6.30735 0.888296 10 -0 6.30735 -2.2533 
83.1764 6.3946 0.877 10 -0 6.3946 -2.26459 
85.1138 6.4814 0.865657 10 -0 6.4814 -2.27594 
87.0964 6.56767 0.854272 10 -0 6.56767 -2.28732 
89.1251 6.65337 0.842851 10 -0 6.65337 -2.29874 
91.2011 6.73842 0.8314 10 -0 6.73842 -2.31019 
93.3254 6.82276 0.819925 10 -0 6.82276 -2.32167 
95.4993 6.90634 0.808431 10 -0 6.90634 -2.33316 
97.7237 6.98909 0.796926 10 -0 6.98909 -2.34467 
100 7.07096 0.785414 10 -0 7.07096 -2.35618 
102.329 7.15189 0.773902 10 -0 7.15189 -2.36769 
104.713 7.23183 0.762396 10 -0 7.23183 -2.3792 
107.152 7.31074 0.750902 10 -0 7.31074 -2.39069 
109.648 7.38855 0.739427 10 -0 7.38855 -2.40217 
112.202 7.46523 0.727976 10 -0 7.46523 -2.41362 
114.815 7.54073 0.716555 10 -0 7.54073 -2.42504 
117.49 7.61502 0.70517 10 -0 7.61502 -2.43642 
120.226 7.68805 0.693827 10 -0 7.68805 -2.44777 
123.027 7.75979 0.682531 10 -0 7.75979 -2.45906 
125.893 7.83021 0.671288 10 -0 7.83021 -2.4703 
128.825 7.89929 0.660104 10 -0 7.89929 -2.48149 
131.826 7.96699 0.648983 10 -0 7.96699 -2.49261 
134.896 8.03329 0.637931 10 -0 8.03329 -2.50366 
138.038 8.09819 0.626953 10 -0 8.09819 -2.51464 
141.254 8.16165 0.616053 10 -0 8.16165 -2.52554 
144.544 8.22367 0.605237 10 -0 8.22367 -2.53636 
147.911 8.28424 0.594508 10 -0 8.28424 -2.54708 
151.356 8.34335 0.58387 10 -0 8.34335 -2.55772 
154.882 8.401 0.573328 10 -0 8.401 -2.56826 
158.489 8.45719 0.562886 10 -0 8.45719 -2.57871 
162.181 8.51191 0.552546 10 -0 8.51191 -2.58905 
165.959 8.56517 0.542313 10 -0 8.56517 -2.59928 
169.824 8.61698 0.532189 10 -0 8.61698 -2.6094 
173.78 8.66735 0.522178 10 -0 8.66735 -2.61941 
177.828 8.71628 0.512282 10 -0 8.71628 -2.62931 
181.97 8.76379 0.502504 10 -0 8.76379 -2.63909 
186.209 8.8099 0.492845 10 -0 8.8099 -2.64875 
190.546 8.85462 0.483309 10 -0 8.85462 -2.65828 
194.984 8.89797 0.473896 10 -0 8.89797 -2.6677 
199.526 8.93997 0.464609 10 -0 8.93997 -2.67698 
204.174 8.98063 0.45545 10 -0 8.98063 -2.68614 
208.93 9.01999 0.446418 10 -0 9.01999 -2.69517 
213.796 9.05807 0.437516 10 -0 9.05807 -2.70408 
218.776 9.09488 0.428745 10 -0 9.09488 -2.71285 
223.872 9.13046 0.420104 10 -0 9.13046 -2.72149 
229.087 9.16484 0.411595 10 -0 9.16484 -2.73 
234.423 9.19803 0.403219 10 -0 9.19803 -2.73837 
239.883 9.23006 0.394975 10 -0 9.23006 -2.74662 
245.471 9.26097 0.386863 10 -0 9.26097 -2.75473 
251.189 9.29078 0.378884 10 -0 9.29078 -2.76271 
257.04 9.31952 0.371038 10 -0 9.31952 -2.77056 
263.027 9.34721 0.363323 10 -0 9.34721 -2.77827 
269.153 9.37389 0.35574 10 -0 9.37389 -2.78585 
275.423 9.39958 0.348288 10 -0 9.39958 -2.7933 
281.838 9.42432 0.340966 10 -0 9.42432 -2.80063 
288.403 9.44813 0.333774 10 -0 9.44813 -2.80782 
295.121 9.47103 0.326712 10 -0 9.47103 -2.81488 
301.995 9.49306 0.319777 10 -0 9.49306 -2.82182 
309.03 9.51424 0.312968 10 -0 9.51424 -2.82862 
316.228 9.5346 0.306286 10 -0 9.5346 -2.83531 
323.594 9.55417 0.299729 10 -0 9.55417 -2.84186 
331.131 9.57297 0.293295 10 -0 9.57297 -2.8483 
338.844 9.59102 0.286983 10 -0 9.59102 -2.85461 
346.737 9.60836 0.280792 10 -0 9.60836 -2.8608 
354.813 9.62501 0.274721 10 -0 9.62501 -2.86687 
363.078 9.64099 0.268767 10 -0 9.64099 -2.87283 
371.535 9.65632 0.26293 10 -0 9.65632 -2.87866 
380.189 9.67104 0.257209 10 -0 9.67104 -2.88438 
389.045 9.68515 0.251601 10 -0 9.68515 -2.88999 
398.107 9.69869 0.246104 10 -0 9.69869 -2.89549 
407.38 9.71167 0.240719 10 -0 9.71167 -2.90087 
416.869 9.72411 0.235442 10 -0 9.72411 -2.90615 
426.58 9.73604 0.230272 10 -0 9.73604 -2.91132 
436.516 9.74748 0.225208 10 -0 9.74748 -2.91639 
446.684 9.75843 0.220247 10 -0 9.75843 -2.92135 
457.088 9.76893 0.215389 10 -0 9.76893 -2.9262 
467.735 9.77899 0.210632 10 -0 9.77899 -2.93096 
478.63 9.78862 0.205973 10 -0 9.78862 -2.93562 
489.779 9.79785 0.201412 10 -0 9.79785 -2.94018 
501.187 9.80669 0.196946 10 -0 9.80669 -2.94465 
512.861 9.81515 0.192574 10 -0 9.81515 -2.94902 
524.807 9.82325 0.188295 10 -0 9.82325 -2.9533 
537.032 9.831 0.184106 10 -0 9.831 -2.95749 
549.541 9.83843 0.180006 10 -0 9.83843 -2.96159 
562.341 9.84553 0.175994 10 -0 9.84553 -2.9656 
575.44 9.85233 0.172067 10 -0 9.85233 -2.96953 
588.844 9.85884 0.168225 10 -0 9.85884 -2.97337 
602.56 9.86506 0.164465 10 -0 9.86506 -2.97713 
616.595 9.87102 0.160786 10 -0 9.87102 -2.98081 
630.957 9.87672 0.157187 10 -0 9.87672 -2.98441 
645.654 9.88217 0.153665 10 -0 9.88217 -2.98793 
660.693 9.88738 0.150221 10 -0 9.88738 -2.99137 
676.083 9.89237 0.146851 10 -0 9.89237 -2.99474 
691.831 9.89714 0.143554 10 -0 9.89714 -2.99804 
707.946 9.9017 0.14033 10 -0 9.9017 -3.00126 
724.436 9.90606 0.137176 10 -0 9.90606 -3.00442 
741.31 9.91023 0.134091 10 -0 9.91023 -3.0075 
758.578 9.91422 0.131074 10 -0 9.91422 -3.01052 
776.247 9.91803 0.128123 10 -0 9.91803 -3.01347 
794.328 9.92168 0.125238 10 -0 9.92168 -3.01636 
812.831 9.92517 0.122416 10 -0 9.92517 -3.01918 
831.764 9.9285 0.119656 10 -0 9.9285 -3.02194 
851.138 9.93168 0.116957 10 -0 9.93168 -3.02464 
870.964 9.93473 0.114318 10 -0 9.93473 -3.02727 
891.251 9.93764 0.111738 10 -0 9.93764 -3.02985 
912.011 9.94042 0.109215 10 -0 9.94042 -3.03238 
933.254 9.94308 0.106748 10 -0 9.94308 -3.03484 
954.993 9.94562 0.104336 10 -0 9.94562 -3.03726 
977.237 9.94805 0.101977 10 -0 9.94805 -3.03962 
1000 9.95037 0.0996717 10 -0 9.95037 -3.04192 
1023.29 9.95259 0.0974174 10 -0 9.95259 -3.04418 
1047.13 9.95471 0.0952135 10 -0 9.95471 -3.04638 
1071.52 9.95673 0.0930588 10 -0 9.95673 -3.04853 
1096.48 9.95867 0.0909523 10 -0 9.95867 -3.05064 
1122.02 9.96052 0.088893 10 -0 9.96052 -3.0527 
1148.15 9.96228 0.0868798 10 -0 9.96228 -3.05471 
1174.9 9.96397 0.0849118 10 -0 9.96397 -3.05668 
1202.26 9.96558 0.0829879 10 -0 9.96558 -3.0586 
1230.27 9.96713 0.0811073 10 -0 9.96713 -3.06049 
1258.93 9.9686 0.0792688 10 -0 9.9686 -3.06232 
1288.25 9.97001 0.0774718 10 -0 9.97001 -3.06412 
1318.26 9.97135 0.0757151 10 -0 9.97135 -3.06588 
1348.96 9.97263 0.073998 10 -0 9.97263 -3.06759 
1380.38 9.97386 0.0723195 10 -0 9.97386 -3.06927 
1412.54 9.97503 0.0706788 10 -0 9.97503 -3.07091 
1445.44 9.97615 0.0690752 10 -0 9.97615 -3.07252 
1479.11 9.97722 0.0675077 10 -0 9.97722 -3.07408 
1513.56 9.97824 0.0659755 10 -0 9.97824 -3.07562 
1548.82 9.97922 0.0644779 10 -0 9.97922 -3.07711 
1584.89 9.98015 0.0630142 10 -0 9.98015 -3.07858 
1621.81 9.98104 0.0615834 10 -0 9.98104 -3.08001 
1659.59 9.98189 0.0601851 10 -0 9.98189 -3.08141 
1698.24 9.98271 0.0588183 10 -0 9.98271 -3.08277 
1737.8 9.98348 0.0574824 10 -0 9.98348 -3.08411 
1778.28 9.98423 0.0561767 10 -0 9.98423 -3.08542 
1819.7 9.98493 0.0549006 10 -0 9.98493 -3.08669 
1862.09 9.98561 0.0536533 10 -0 9.98561 -3.08794 
1905.46 9.98626 0.0524343 10 -0 9.98626 -3.08916 
1949.84 9.98687 0.0512428 10 -0 9.98687 -3.09035 
1995.26 9.98746 0.0500784 10 -0 9.98746 -3.09151 
2041.74 9.98803 0.0489403 10 -0 9.98803 -3.09265 
2089.3 9.98856 0.047828 10 -0 9.98856 -3.09376 
2137.96 9.98908 0.0467409 10 -0 9.98908 -3.09485 
2187.76 9.98957 0.0456784 10 -0 9.98957 -3.09591 
2238.72 9.99004 0.0446401 10 -0 9.99004 -3.09695 
2290.87 9.99049 0.0436252 10 -0 9.99049 -3.09797 
2344.23 9.99091 0.0426334 10 -0 9.99091 -3.09896 
2398.83 9.99132 0.0416641 10 -0 9.99132 -3.09993 
2454.71 9.99171 0.0407168 10 -0 9.99171 -3.10088 
2511.89 9.99208 0.0397909 10 -0 9.99208 -3.1018 
2570.4 9.99244 0.0388861 10 -0 9.99244 -3.10271 
2630.27 9.99278 0.0380018 10 -0 9.99278 -3.10359 
2691.53 9.9931 0.0371376 10 -0 9.9931 -3.10446 
2754.23 9.99341 0.036293 10 -0 9.99341 -3.1053 
2818.38 9.99371 0.0354676 10 -0 9.99371 -3.10613 
2884.03 9.99399 0.0346609 10 -0 9.99399 -3.10693 
2951.21 9.99426 0.0338725 10 -0 9.99426 -3.10772 
3019.95 9.99452 0.033102 10 -0 9.99452 -3.10849 
3090.3 9.99477 0.0323491 10 -0 9.99477 -3.10924 
3162.28 9.995 0.0316132 10 -0 9.995 -3.10998 
3235.94 9.99523 0.0308941 10 -0 9.99523 -3.1107 
3311.31 9.99544 0.0301913 10 -0 9.99544 -3.1114 
3388.44 9.99565 0.0295044 10 -0 9.99565 -3.11209 
3467.37 9.99584 0.0288332 10 -0 9.99584 -3.11276 
3548.13 9.99603 0.0281772 10 -0 9.99603 -3.11342 
3630.78 9.99621 0.0275362 10 -0 9.99621 -3.11406 
3715.35 9.99638 0.0269097 10 -0 9.99638 -3.11468 
3801.89 9.99654 0.0262974 10 -0 9.99654 -3.1153 
3890.45 9.9967 0.0256991 10 -0 9.9967 -3.11589 
3981.07 9.99685 0.0251144 10 -0 9.99685 -3.11648 
4073.8 9.99699 0.0245429 10 -0 9.99699 -3.11705 
4168.69 9.99712 0.0239845 10 -0 9.99712 -3.11761 
4265.8 9.99725 0.0234387 10 -0 9.99725 -3.11815 
4365.16 9.99738 0.0229054 10 -0 9.99738 -3.11869 
4466.84 9.99749 0.0223842 10 -0 9.99749 -3.11921 
4570.88 9.99761 0.0218748 10 -0 9.99761 -3.11972 
4677.35 9.99772 0.021377 10 -0 9.99772 -3.12022 
4786.3 9.99782 0.0208906 10 -0 9.99782 -3.1207 
4897.79 9.99792 0.0204152 10 -0 9.99792 -3.12118 
5011.87 9.99801 0.0199506 10 -0 9.99801 -3.12164 
5128.61 9.9981 0.0194966 10 -0 9.9981 -3.1221 
5248.07 9.99818 0.0190529 10 -0 9.99818 -3.12254 
5370.32 9.99827 0.0186193 10 -0 9.99827 -3.12297 
5495.41 9.99834 0.0181956 10 -0 9.99834 -3.1234 
5623.41 9.99842 0.0177815 10 -0 9.99842 -3.12381 
5754.4 9.99849 0.0173768 10 -0 9.99849 -3.12422 
5888.44 9.99856 0.0169813 10 -0 9.99856 -3.12461 
6025.6 9.99862 0.0165949 10 -0 9.99862 -3.125 
6165.95 9.99869 0.0162172 10 -0 9.99869 -3.12538 
6309.57 9.99874 0.0158481 10 -0 9.99874 -3.12574 
6456.54 9.9988 0.0154874 10 -0 9.9988 -3.12611 
6606.93 9.99885 0.0151349 10 -0 9.99885 -3.12646 
6760.83 9.99891 0.0147905 10 -0 9.99891 -3.1268 
6918.31 9.99896 0.0144538 10 -0 9.99896 -3.12714 
7079.46 9.999 0.0141249 10 -0 9.999 -3.12747 
7244.36 9.99905 0.0138034 10 -0 9.99905 -3.12779 
7413.1 9.99909 0.0134892 10 -0 9.99909 -3.1281 
7585.78 9.99913 0.0131822 10 -0 9.99913 -3.12841 
7762.47 9.99917 0.0128822 10 -0 9.99917 -3.12871 
7943.28 9.99921 0.012589 10 -0 9.99921 -3.129 
8128.31 9.99924 0.0123024 10 -0 9.99924 -3.12929 
8317.64 9.99928 0.0120224 10 -0 9.99928 -3.12957 
8511.38 9.99931 0.0117488 10 -0 9.99931 -3.12984 
8709.64 9.99934 0.0114814 10 -0 9.99934 -3.13011 
8912.51 9.99937 0.0112201 10 -0 9.99937 -3.13037 
9120.11 9.9994 0.0109647 10 -0 9.9994 -3.13063 
9332.54 9.99943 0.0107151 10 -0 9.99943 -3.13088 
9549.93 9.99945 0.0104712 10 -0 9.99945 -3.13112 
9772.37 9.99948 0.0102329 10 -0 9.99948 -3.13136 
10000 9.9995 0.00999998 10 -0 9.9995 -3.13159 
